   10.0000,   15.0000,1
    9.2500,   15.5000,1
    8.4750,   15.9625,1
    7.6769,   16.3862,1
    6.8576,   16.7701,1
    6.0191,   17.1130,1
    5.1634,   17.4139,1
    4.2927,   17.6721,1
    3.4091,   17.8867,1
    2.5148,   18.0572,1
    1.6119,   18.1829,1
    0.7028,   18.2635,1
   -0.2104,   18.2987,1
   -1.1253,   18.2881,0
   -2.0397,   18.2319,0
   -2.9513,   18.1299,0
   -3.8578,   17.9823,0
   -4.7570,   17.7894,0
   -5.6464,   17.5516,0
   -6.5240,   17.2693,0
   -7.3875,   16.9431,0
   -8.2346,   16.5737,0
   -9.0633,   16.1619,0
   -9.8714,   15.7088,0
  -10.6568,   15.2152,0
  -11.4176,   14.6824,0
  -12.1517,   14.1115,0
  -12.8573,   13.5039,0
  -13.5325,   12.8610,0
  -14.1755,   12.1844,0
  -14.7848,   11.4756,0
  -15.3585,   10.7364,0
  -15.8954,    9.9685,0
  -16.3938,    9.1737,0
  -16.8525,    8.3540,0
  -17.2702,    7.5114,0
  -17.6457,    6.6479,0
  -17.9781,    5.7656,0
  -18.2664,    4.8667,0
  -18.5098,    3.9534,0
  -18.7074,    3.0279,0
  -18.8588,    2.0925,0
  -18.9634,    1.1496,0
  -19.0209,    0.2014,0
  -19.0310,   -0.7496,0
  -18.9935,   -1.7012,0
  -18.9084,   -2.6509,0
  -18.7759,   -3.5963,0
  -18.5961,   -4.5351,0
  -18.3693,   -5.4649,0
  -18.0961,   -6.3834,0
  -17.7769,   -7.2882,0
  -17.4125,   -8.1770,0
  -17.0037,   -9.0476,0
  -16.5513,   -9.8978,0
  -16.0564,  -10.7254,0
  -15.5201,  -11.5282,0
  -14.9437,  -12.3042,0
  -14.3285,  -13.0514,0
  -13.6759,  -13.7678,0
  -12.9875,  -14.4516,0
  -12.2650,  -15.1010,0
  -11.5099,  -15.7142,0
  -10.7242,  -16.2897,0
   -9.9097,  -16.8259,0
   -9.0684,  -17.3214,0
   -8.2023,  -17.7749,0
   -7.3136,  -18.1850,0
   -6.4044,  -18.5506,0
   -5.4768,  -18.8709,0
   -4.5333,  -19.1447,0
   -3.5760,  -19.3714,0
   -2.6075,  -19.5502,0
   -1.6300,  -19.6805,0
   -0.6459,  -19.7620,0
    0.3422,  -19.7943,0
    1.3319,  -19.7772,1
    2.3207,  -19.7106,1
    3.3063,  -19.5946,1
    4.2860,  -19.4293,1
    5.2575,  -19.2150,1
    6.2182,  -18.9521,1
    7.1658,  -18.6412,1
    8.0979,  -18.2829,1
    9.0120,  -17.8780,1
    9.9059,  -17.4274,1
   10.7773,  -16.9321,1
   11.6239,  -16.3933,1
   12.4436,  -15.8121,1
   13.2342,  -15.1899,1
   13.9937,  -14.5282,1
   14.7201,  -13.8285,1
   15.4115,  -13.0925,1
   16.0661,  -12.3219,1
   16.6822,  -11.5186,1
   17.2582,  -10.6845,1
   17.7924,   -9.8216,1
   18.2835,   -8.9320,1
   18.7301,   -8.0178,1
   19.1309,   -7.0813,1
   19.4850,   -6.1247,1
   19.7912,   -5.1505,1
   20.0488,   -4.1609,1
   20.2568,   -3.1585,1
   20.4147,   -2.1456,1
   20.5220,   -1.1249,1
   20.5783,   -0.0988,1
   20.5832,    0.9301,1
   20.5367,    1.9593,1
   20.4387,    2.9861,1
   20.2894,    4.0080,1
   20.0890,    5.0225,1
   19.8379,    6.0270,1
   19.5366,    7.0189,1
   19.1856,    7.9957,1
   18.7858,    8.9550,1
   18.3381,    9.8943,1
   17.8434,   10.8112,1
   17.3028,   11.7033,1
   16.7176,   12.5685,1
   16.0892,   13.4044,1
   15.4190,   14.2088,1
   14.7086,   14.9798,1
   13.9596,   15.7152,1
   13.1738,   16.4132,1
   12.3532,   17.0719,1
   11.4996,   17.6895,1
   10.6151,   18.2645,1
    9.7019,   18.7952,1
    8.7621,   19.2803,1
    7.7981,   19.7184,1
    6.8122,   20.1084,1
    5.8067,   20.4490,1
    4.7843,   20.7393,1
    3.7473,   20.9785,1
    2.6984,   21.1659,1
    1.6401,   21.3008,1
    0.5751,   21.3828,1
   -0.4941,   21.4116,1
   -1.5646,   21.3869,0
   -2.6340,   21.3086,0
   -3.6994,   21.1769,0
   -4.7583,   20.9920,0
   -5.8079,   20.7540,0
   -6.8456,   20.4636,0
   -7.8687,   20.1214,0
   -8.8748,   19.7279,0
   -9.8612,   19.2842,0
  -10.8254,   18.7911,0
  -11.7650,   18.2499,0
  -12.6775,   17.6616,0
  -13.5606,   17.0277,0
  -14.4119,   16.3497,0
  -15.2294,   15.6291,0
  -16.0109,   14.8676,0
  -16.7543,   14.0671,0
  -17.4576,   13.2294,0
  -18.1191,   12.3565,0
  -18.7369,   11.4505,0
  -19.3094,   10.5137,0
  -19.8351,    9.5482,0
  -20.3125,    8.5565,0
  -20.7404,    7.5408,0
  -21.1174,    6.5038,0
  -21.4426,    5.4480,0
  -21.7150,    4.3758,0
  -21.9338,    3.2901,0
  -22.0983,    2.1934,0
  -22.2080,    1.0885,0
  -22.2624,   -0.0219,0
  -22.2613,   -1.1350,0
  -22.2045,   -2.2481,0
  -22.0921,   -3.3583,0
  -21.9242,   -4.4629,0
  -21.7011,   -5.5592,0
  -21.4231,   -6.6442,0
  -21.0909,   -7.7154,0
  -20.7051,   -8.7699,0
  -20.2666,   -9.8052,0
  -19.7764,  -10.8185,0
  -19.2354,  -11.8073,0
  -18.6451,  -12.7691,0
  -18.0066,  -13.7013,0
  -17.3216,  -14.6017,0
  -16.5915,  -15.4677,0
  -15.8181,  -16.2973,0
  -15.0032,  -17.0882,0
  -14.1488,  -17.8384,0
  -13.2569,  -18.5458,0
  -12.3296,  -19.2087,0
  -11.3692,  -19.8252,0
  -10.3779,  -20.3936,0
   -9.3582,  -20.9125,0
   -8.3126,  -21.3804,0
   -7.2436,  -21.7960,0
   -6.1538,  -22.1582,0
   -5.0459,  -22.4659,0
   -3.9226,  -22.7182,0
   -2.7867,  -22.9143,0
   -1.6409,  -23.0537,0
   -0.4883,  -23.1357,0
    0.6685,  -23.1601,0
    1.8265,  -23.1267,1
    2.9829,  -23.0354,1
    4.1346,  -22.8862,1
    5.2789,  -22.6795,1
    6.4129,  -22.4156,1
    7.5337,  -22.0949,1
    8.6384,  -21.7182,1
    9.7244,  -21.2863,1
   10.7887,  -20.8001,1
   11.8287,  -20.2607,1
   12.8417,  -19.6692,1
   13.8252,  -19.0271,1
   14.7765,  -18.3359,1
   15.6933,  -17.5970,1
   16.5732,  -16.8124,1
   17.4138,  -15.9837,1
   18.2130,  -15.1130,1
   18.9686,  -14.2024,1
   19.6787,  -13.2540,1
   20.3414,  -12.2700,1
   20.9549,  -11.2529,1
   21.5176,  -10.2052,1
   22.0278,   -9.1293,1
   22.4843,   -8.0279,1
   22.8857,   -6.9037,1
   23.2309,   -5.7594,1
   23.5189,   -4.5979,1
   23.7488,   -3.4219,1
   23.9199,   -2.2345,1
   24.0316,   -1.0385,1
   24.0835,    0.1631,1
   24.0754,    1.3673,1
   24.0070,    2.5710,1
   23.8784,    3.7714,1
   23.6899,    4.9653,1
   23.4416,    6.1498,1
   23.1341,    7.3219,1
   22.7680,    8.4786,1
   22.3441,    9.6170,1
   21.8633,   10.7342,1
   21.3265,   11.8273,1
   20.7352,   12.8937,1
   20.0905,   13.9304,1
   19.3940,   14.9349,1
   18.6472,   15.9046,1
   17.8520,   16.8370,1
   17.0101,   17.7296,1
   16.1237,   18.5801,1
   15.1947,   19.3863,1
   14.2253,   20.1460,1
   13.2180,   20.8573,1
   12.1752,   21.5182,1
   11.0993,   22.1270,1
    9.9929,   22.6819,1
    8.8588,   23.1816,1
    7.6997,   23.6245,1
    6.5185,   24.0095,1
    5.3180,   24.3354,1
    4.1013,   24.6013,1
    2.8712,   24.8064,1
    1.6309,   24.9499,1
    0.3834,   25.0315,1
   -0.8682,   25.0507,1
   -2.1207,   25.0073,0
   -3.3711,   24.9012,0
   -4.6161,   24.7327,0
   -5.8528,   24.5019,0
   -7.0779,   24.2092,0
   -8.2883,   23.8553,0
   -9.4811,   23.4409,0
  -10.6531,   22.9668,0
  -11.8015,   22.4342,0
  -12.9232,   21.8441,0
  -14.0154,   21.1980,0
  -15.0753,   20.4972,0
  -16.1002,   19.7434,0
  -17.0873,   18.9384,0
  -18.0343,   18.0840,0
  -18.9385,   17.1823,0
  -19.7976,   16.2354,0
  -20.6093,   15.2455,0
  -21.3716,   14.2151,0
  -22.0824,   13.1465,0
  -22.7397,   12.0424,0
  -23.3418,   10.9054,0
  -23.8871,    9.7383,0
  -24.3740,    8.5439,0
  -24.8012,    7.3252,0
  -25.1675,    6.0852,0
  -25.4717,    4.8268,0
  -25.7131,    3.5532,0
  -25.8907,    2.2676,0
  -26.0041,    0.9730,0
  -26.0527,   -0.3272,0
  -26.0364,   -1.6298,0
  -25.9549,   -2.9316,0
  -25.8083,   -4.2294,0
  -25.5968,   -5.5198,0
  -25.3209,   -6.7996,0
  -24.9809,   -8.0657,0
  -24.5776,   -9.3147,0
  -24.1119,  -10.5436,0
  -23.5847,  -11.7492,0
  -22.9972,  -12.9284,0
  -22.3508,  -14.0783,0
  -21.6469,  -15.1958,0
  -20.8871,  -16.2782,0
  -20.0732,  -17.3225,0
  -19.2071,  -18.3262,0
  -18.2907,  -19.2865,0
  -17.3264,  -20.2011,0
  -16.3164,  -21.0674,0
  -15.2630,  -21.8832,0
  -14.1688,  -22.6464,0
  -13.0365,  -23.3548,0
  -11.8688,  -24.0066,0
  -10.6684,  -24.6001,0
   -9.4384,  -25.1335,0
   -8.1818,  -25.6054,0
   -6.9015,  -26.0145,0
   -5.6008,  -26.3596,0
   -4.2828,  -26.6396,0
   -2.9508,  -26.8538,0
   -1.6081,  -27.0013,0
   -0.2581,  -27.0817,0
    1.0960,  -27.0946,0
    2.4508,  -27.0398,1
    3.8027,  -26.9173,1
    5.1486,  -26.7271,1
    6.4850,  -26.4697,1
    7.8084,  -26.1454,1
    9.1157,  -25.7550,1
   10.4035,  -25.2992,1
   11.6684,  -24.7791,1
   12.9074,  -24.1956,1
   14.1172,  -23.5503,1
   15.2947,  -22.8444,1
   16.4369,  -22.0797,1
   17.5409,  -21.2578,1
   18.6038,  -20.3808,1
   19.6228,  -19.4506,1
   20.5954,  -18.4695,1
   21.5188,  -17.4397,1
   22.3908,  -16.3638,1
   23.2090,  -15.2442,1
   23.9712,  -14.0838,1
   24.6754,  -12.8852,1
   25.3197,  -11.6514,1
   25.9022,  -10.3854,1
   26.4215,   -9.0903,1
   26.8760,   -7.7693,1
   27.2645,   -6.4255,1
   27.5858,   -5.0622,1
   27.8389,   -3.6830,1
   28.0230,   -2.2910,1
   28.1376,   -0.8899,1
   28.1821,    0.5170,1
   28.1562,    1.9261,1
   28.0599,    3.3339,1
   27.8932,    4.7369,1
   27.6564,    6.1316,1
   27.3498,    7.5144,1
   26.9741,    8.8819,1
   26.5300,   10.2306,1
   26.0184,   11.5571,1
   25.4406,   12.8580,1
   24.7977,   14.1300,1
   24.0912,   15.3699,1
   23.3227,   16.5745,1
   22.4939,   17.7406,1
   21.6069,   18.8653,1
   20.6637,   19.9457,1
   19.6664,   20.9788,1
   18.6174,   21.9622,1
   17.5193,   22.8930,1
   16.3747,   23.7690,1
   15.1862,   24.5877,1
   13.9568,   25.3470,1
   12.6895,   26.0449,1
   11.3872,   26.6794,1
   10.0533,   27.2487,1
    8.6908,   27.7514,1
    7.3033,   28.1859,1
    5.8940,   28.5511,1
    4.4664,   28.8458,1
    3.0241,   29.0691,1
    1.5707,   29.2203,1
    0.1096,   29.2988,1
   -1.3553,   29.3043,1
   -2.8205,   29.2366,0
   -4.2823,   29.0955,0
   -5.7371,   28.8814,0
   -7.1812,   28.5946,0
   -8.6109,   28.2355,0
  -10.0227,   27.8050,0
  -11.4129,   27.3038,0
  -12.7781,   26.7332,0
  -14.1148,   26.0943,0
  -15.4195,   25.3885,0
  -16.6889,   24.6176,0
  -17.9198,   23.7831,0
  -19.1090,   22.8871,0
  -20.2533,   21.9317,0
  -21.3499,   20.9190,0
  -22.3959,   19.8515,0
  -23.3884,   18.7317,0
  -24.3250,   17.5623,0
  -25.2031,   16.3460,0
  -26.0204,   15.0859,0
  -26.7747,   13.7849,0
  -27.4640,   12.4461,0
  -28.0863,   11.0729,0
  -28.6399,    9.6686,0
  -29.1234,    8.2366,0
  -29.5352,    6.7805,0
  -29.8742,    5.3037,0
  -30.1394,    3.8100,0
  -30.3299,    2.3030,0
  -30.4450,    0.7865,0
  -30.4844,   -0.7357,0
  -30.4476,   -2.2600,0
  -30.3346,   -3.7823,0
  -30.1455,   -5.2991,0
  -29.8805,   -6.8063,0
  -29.5402,   -8.3004,0
  -29.1252,   -9.7774,0
  -28.6363,  -11.2336,0
  -28.0746,  -12.6654,0
  -27.4414,  -14.0692,0
  -26.7379,  -15.4412,0
  -25.9658,  -16.7781,0
  -25.1269,  -18.0764,0
  -24.2231,  -19.3328,0
  -23.2565,  -20.5439,0
  -22.2293,  -21.7068,0
  -21.1439,  -22.8182,0
  -20.0030,  -23.8754,0
  -18.8093,  -24.8756,0
  -17.5655,  -25.8160,0
  -16.2747,  -26.6943,0
  -14.9400,  -27.5080,0
  -13.5646,  -28.2550,0
  -12.1518,  -28.9333,0
  -10.7051,  -29.5408,0
   -9.2281,  -30.0761,0
   -7.7243,  -30.5375,0
   -6.1974,  -30.9237,0
   -4.6512,  -31.2336,0
   -3.0896,  -31.4662,0
   -1.5162,  -31.6206,0
    0.0648,  -31.6964,0
    1.6496,  -31.6932,1
    3.2343,  -31.6107,1
    4.8148,  -31.4490,1
    6.3873,  -31.2083,1
    7.9477,  -30.8889,1
    9.4921,  -30.4915,1
   11.0167,  -30.0169,1
   12.5175,  -29.4661,1
   13.9908,  -28.8402,1
   15.4329,  -28.1407,1
   16.8399,  -27.3690,1
   18.2083,  -26.5270,1
   19.5347,  -25.6166,1
   20.8155,  -24.6399,1
   22.0475,  -23.5991,1
   23.2275,  -22.4967,1
   24.3523,  -21.3354,1
   25.4191,  -20.1177,1
   26.4250,  -18.8468,1
   27.3673,  -17.5255,1
   28.2436,  -16.1572,1
   29.0514,  -14.7450,1
   29.7887,  -13.2924,1
   30.4533,  -11.8030,1
   31.0435,  -10.2803,1
   31.5575,   -8.7282,1
   31.9939,   -7.1503,1
   32.3514,   -5.5506,1
   32.6289,   -3.9330,1
   32.8256,   -2.3016,1
   32.9407,   -0.6603,1
   32.9737,    0.9867,1
   32.9243,    2.6354,1
   32.7926,    4.2816,1
   32.5785,    5.9213,1
   32.2824,    7.5502,1
   31.9049,    9.1643,1
   31.4467,   10.7596,1
   30.9087,   12.3319,1
   30.2921,   13.8773,1
   29.5983,   15.3919,1
   28.8287,   16.8719,1
   27.9851,   18.3133,1
   27.0694,   19.7125,1
   26.0838,   21.0660,1
   25.0305,   22.3702,1
   23.9120,   23.6217,1
   22.7309,   24.8173,1
   21.4900,   25.9539,1
   20.1923,   27.0284,1
   18.8409,   28.0380,1
   17.4390,   28.9800,1
   15.9900,   29.8520,1
   14.4974,   30.6515,1
   12.9648,   31.3764,1
   11.3960,   32.0246,1
    9.7948,   32.5944,1
    8.1651,   33.0841,1
    6.5109,   33.4924,1
    4.8362,   33.8179,1
    3.1453,   34.0597,1
    1.4424,   34.2170,1
   -0.2685,   34.2891,1
   -1.9830,   34.2757,0
   -3.6967,   34.1766,0
   -5.4056,   33.9917,0
   -7.1052,   33.7214,0
   -8.7912,   33.3662,0
  -10.4595,   32.9266,0
  -12.1059,   32.4036,0
  -13.7260,   31.7984,0
  -15.3160,   31.1120,0
  -16.8716,   30.3463,0
  -18.3889,   29.5027,0
  -19.8640,   28.5832,0
  -21.2932,   27.5900,0
  -22.6727,   26.5254,0
  -23.9989,   25.3917,0
  -25.2685,   24.1918,0
  -26.4781,   22.9284,0
  -27.6245,   21.6045,0
  -28.7048,   20.2232,0
  -29.7159,   18.7880,0
  -30.6553,   17.3022,0
  -31.5204,   15.7694,0
  -32.3089,   14.1934,0
  -33.0186,   12.5780,0
  -33.6475,   10.9270,0
  -34.1938,    9.2447,0
  -34.6561,    7.5350,0
  -35.0328,    5.8022,0
  -35.3229,    4.0505,0
  -35.5254,    2.2844,0
  -35.6397,    0.5081,0
  -35.6651,   -1.2739,0
  -35.6014,   -3.0571,0
  -35.4485,   -4.8372,0
  -35.2067,   -6.6096,0
  -34.8762,   -8.3700,0
  -34.4577,  -10.1138,0
  -33.9520,  -11.8366,0
  -33.3602,  -13.5342,0
  -32.6834,  -15.2023,0
  -31.9233,  -16.8364,0
  -31.0815,  -18.4326,0
  -30.1599,  -19.9867,0
  -29.1605,  -21.4947,0
  -28.0858,  -22.9527,0
  -26.9382,  -24.3570,0
  -25.7203,  -25.7039,0
  -24.4351,  -26.9899,0
  -23.0856,  -28.2117,0
  -21.6751,  -29.3659,0
  -20.2068,  -30.4497,0
  -18.6843,  -31.4600,0
  -17.1113,  -32.3942,0
  -15.4916,  -33.2498,0
  -13.8291,  -34.0244,0
  -12.1278,  -34.7158,0
  -10.3921,  -35.3222,0
   -8.6259,  -35.8418,0
   -6.8339,  -36.2731,0
   -5.0202,  -36.6148,0
   -3.1895,  -36.8658,0
   -1.3462,  -37.0253,0
    0.5051,  -37.0926,0
    2.3597,  -37.0674,1
    4.2131,  -36.9494,1
    6.0606,  -36.7387,1
    7.8975,  -36.4357,1
    9.7193,  -36.0408,1
   11.5213,  -35.5549,1
   13.2991,  -34.9788,1
   15.0480,  -34.3138,1
   16.7637,  -33.5614,1
   18.4418,  -32.7233,1
   20.0779,  -31.8012,1
   21.6680,  -30.7973,1
   23.2079,  -29.7139,1
   24.6936,  -28.5535,1
   26.1212,  -27.3188,1
   27.4872,  -26.0127,1
   28.7878,  -24.6384,1
   30.0197,  -23.1990,1
   31.1797,  -21.6980,1
   32.2646,  -20.1390,1
   33.2715,  -18.5258,1
   34.1978,  -16.8622,1
   35.0409,  -15.1523,1
   35.7985,  -13.4003,1
   36.4686,  -11.6103,1
   37.0491,   -9.7869,1
   37.5384,   -7.9345,1
   37.9351,   -6.0575,1
   38.2380,   -4.1608,1
   38.4461,   -2.2489,1
   38.5585,   -0.3266,1
   38.5748,    1.6013,1
   38.4948,    3.5301,1
   38.3183,    5.4548,1
   38.0455,    7.3707,1
   37.6770,    9.2730,1
   37.2133,   11.1569,1
   36.6555,   13.0175,1
   36.0046,   14.8503,1
   35.2621,   16.6505,1
   34.4296,   18.4136,1
   33.5089,   20.1351,1
   32.5021,   21.8106,1
   31.4116,   23.4357,1
   30.2398,   25.0062,1
   28.9895,   26.5182,1
   27.6636,   27.9677,1
   26.2652,   29.3509,1
   24.7977,   30.6642,1
   23.2645,   31.9040,1
   21.6693,   33.0673,1
   20.0159,   34.1507,1
   18.3084,   35.1515,1
   16.5508,   36.0669,1
   14.7474,   36.8945,1
   12.9027,   37.6318,1
   11.0211,   38.2770,1
    9.1073,   38.8280,1
    7.1659,   39.2834,1
    5.2017,   39.6417,1
    3.2196,   39.9018,1
    1.2245,   40.0628,1
   -0.7786,   40.1240,1
   -2.7848,   40.0851,0
   -4.7891,   39.9458,0
   -6.7864,   39.7064,0
   -8.7717,   39.3670,0
  -10.7400,   38.9285,0
  -12.6864,   38.3915,0
  -14.6060,   37.7571,0
  -16.4939,   37.0268,0
  -18.3452,   36.2021,0
  -20.1553,   35.2849,0
  -21.9196,   34.2771,0
  -23.6334,   33.1811,0
  -25.2925,   31.9995,0
  -26.8925,   30.7348,0
  -28.4292,   29.3902,0
  -29.8987,   27.9688,0
  -31.2971,   26.4738,0
  -32.6208,   24.9090,0
  -33.8663,   23.2779,0
  -35.0302,   21.5846,0
  -36.1094,   19.8331,0
  -37.1011,   18.0276,0
  -38.0024,   16.1726,0
  -38.8111,   14.2725,0
  -39.5247,   12.3319,0
  -40.1413,   10.3557,0
  -40.6591,    8.3486,0
  -41.0765,    6.3157,0
  -41.3923,    4.2618,0
  -41.6054,    2.1922,0
  -41.7150,    0.1119,0
  -41.7206,   -1.9738,0
  -41.6219,   -4.0598,0
  -41.4189,   -6.1409,0
  -41.1119,   -8.2119,0
  -40.7013,  -10.2675,0
  -40.1879,  -12.3025,0
  -39.5728,  -14.3119,0
  -38.8572,  -16.2906,0
  -38.0426,  -18.2334,0
  -37.1310,  -20.1356,0
  -36.1242,  -21.9921,0
  -35.0246,  -23.7983,0
  -33.8347,  -25.5495,0
  -32.5572,  -27.2413,0
  -31.1951,  -28.8691,0
  -29.7517,  -30.4289,0
  -28.2302,  -31.9165,0
  -26.6344,  -33.3280,0
  -24.9680,  -34.6597,0
  -23.2350,  -35.9081,0
  -21.4396,  -37.0699,0
  -19.5861,  -38.1418,0
  -17.6790,  -39.1211,0
  -15.7230,  -40.0051,0
  -13.7227,  -40.7912,0
  -11.6832,  -41.4774,0
   -9.6093,  -42.0615,0
   -7.5062,  -42.5420,0
   -5.3791,  -42.9173,0
   -3.2332,  -43.1863,0
   -1.0739,  -43.3479,0
    1.0935,  -43.4016,0
    3.2636,  -43.3470,1
    5.4309,  -43.1838,1
    7.5901,  -42.9122,1
    9.7357,  -42.5327,1
   11.8623,  -42.0459,1
   13.9646,  -41.4528,1
   16.0373,  -40.7546,1
   18.0750,  -39.9527,1
   20.0726,  -39.0490,1
   22.0251,  -38.0453,1
   23.9274,  -36.9441,1
   25.7746,  -35.7477,1
   27.5619,  -34.4590,1
   29.2849,  -33.0809,1
   30.9389,  -31.6167,1
   32.5198,  -30.0697,1
   34.0233,  -28.4437,1
   35.4454,  -26.7426,1
   36.7826,  -24.9703,1
   38.0311,  -23.1312,1
   39.1876,  -21.2296,1
   40.2491,  -19.2702,1
   41.2126,  -17.2578,1
   42.0755,  -15.1971,1
   42.8354,  -13.0934,1
   43.4901,  -10.9516,1
   44.0376,   -8.7771,1
   44.4765,   -6.5752,1
   44.8052,   -4.3514,1
   45.0228,   -2.1111,1
   45.1284,    0.1400,1
   45.1214,    2.3964,1
   45.0015,    4.6525,1
   44.7689,    6.9026,1
   44.4238,    9.1410,1
   43.9667,   11.3622,1
   43.3986,   13.5606,1
   42.7206,   15.7305,1
   41.9341,   17.8665,1
   41.0408,   19.9632,1
   40.0426,   22.0153,1
   38.9418,   24.0174,1
   37.7410,   25.9645,1
   36.4427,   27.8515,1
   35.0502,   29.6737,1
   33.5665,   31.4262,1
   31.9952,   33.1045,1
   30.3399,   34.7043,1
   28.6047,   36.2213,1
   26.7937,   37.6515,1
   24.9111,   38.9912,1
   22.9615,   40.2367,1
   20.9497,   41.3848,1
   18.8804,   42.4323,1
   16.7588,   43.3763,1
   14.5900,   44.2143,1
   12.3793,   44.9438,1
   10.1321,   45.5627,1
    7.8540,   46.0693,1
    5.5505,   46.4620,1
    3.2274,   46.7396,1
    0.8904,   46.9009,1
   -1.4546,   46.9455,1
   -3.8019,   46.8727,0
   -6.1455,   46.6826,0
   -8.4797,   46.3754,0
  -10.7984,   45.9514,0
  -13.0960,   45.4114,0
  -15.3666,   44.7566,0
  -17.6044,   43.9883,0
  -19.8038,   43.1081,0
  -21.9592,   42.1179,0
  -24.0651,   41.0199,0
  -26.1161,   39.8167,0
  -28.1070,   38.5109,0
  -30.0325,   37.1055,0
  -31.8878,   35.6039,0
  -33.6680,   34.0095,0
  -35.3684,   32.3261,0
  -36.9848,   30.5577,0
  -38.5126,   28.7085,0
  -39.9481,   26.7828,0
  -41.2872,   24.7854,0
  -42.5265,   22.7211,0
  -43.6625,   20.5947,0
  -44.6923,   18.4116,0
  -45.6129,   16.1770,0
  -46.4217,   13.8964,0
  -47.1165,   11.5753,0
  -47.6953,    9.2195,0
  -48.1563,    6.8347,0
  -48.4980,    4.4269,0
  -48.7193,    2.0020,0
  -48.8194,   -0.4340,0
  -48.7977,   -2.8750,0
  -48.6540,   -5.3148,0
  -48.3882,   -7.7475,0
  -48.0009,  -10.1670,0
  -47.4925,  -12.5670,0
  -46.8642,  -14.9416,0
  -46.1171,  -17.2848,0
  -45.2528,  -19.5907,0
  -44.2733,  -21.8533,0
  -43.1806,  -24.0670,0
  -41.9773,  -26.2260,0
  -40.6660,  -28.3249,0
  -39.2497,  -30.3582,0
  -37.7318,  -32.3207,0
  -36.1158,  -34.2073,0
  -34.4054,  -36.0131,0
  -32.6048,  -37.7333,0
  -30.7181,  -39.3636,0
  -28.7499,  -40.8995,0
  -26.7050,  -42.3370,0
  -24.5881,  -43.6722,0
  -22.4045,  -44.9016,0
  -20.1594,  -46.0219,0
  -17.8583,  -47.0298,0
  -15.5068,  -47.9227,0
  -13.1107,  -48.6981,0
  -10.6758,  -49.3536,0
   -8.2081,  -49.8874,0
   -5.7137,  -50.2978,0
   -3.1989,  -50.5835,0
   -0.6697,  -50.7434,0
    1.8675,  -50.7769,0
    4.4063,  -50.6836,1
    6.9405,  -50.4632,1
    9.4637,  -50.1162,1
   11.9695,  -49.6430,1
   14.4516,  -49.0446,1
   16.9039,  -48.3220,1
   19.3200,  -47.4768,1
   21.6938,  -46.5108,1
   24.0193,  -45.4261,1
   26.2906,  -44.2251,1
   28.5019,  -42.9106,1
   30.6474,  -41.4855,1
   32.7217,  -39.9531,1
   34.7194,  -38.3170,1
   36.6352,  -36.5811,1
   38.4643,  -34.7493,1
   40.2017,  -32.8261,1
   41.8430,  -30.8160,1
   43.3838,  -28.7239,1
   44.8200,  -26.5547,1
   46.1478,  -24.3137,1
   47.3634,  -22.0063,1
   48.4638,  -19.6381,1
   49.4457,  -17.2149,1
   50.3064,  -14.7426,1
   51.0435,  -12.2273,1
   51.6549,   -9.6751,1
   52.1387,   -7.0924,1
   52.4933,   -4.4855,1
   52.7176,   -1.8608,1
   52.8106,    0.7751,1
   52.7718,    3.4156,1
   52.6011,    6.0542,1
   52.2984,    8.6843,1
   51.8641,   11.2992,1
   51.2992,   13.8924,1
   50.6046,   16.4573,1
   49.7817,   18.9876,1
   48.8323,   21.4767,1
   47.7585,   23.9183,1
   46.5626,   26.3062,1
   45.2473,   28.6343,1
   43.8155,   30.8967,1
   42.2707,   33.0875,1
   40.6163,   35.2010,1
   38.8563,   37.2318,1
   36.9947,   39.1746,1
   35.0360,   41.0244,1
   32.9847,   42.7762,1
   30.8459,   44.4254,1
   28.6247,   45.9677,1
   26.3263,   47.3989,1
   23.9563,   48.7153,1
   21.5206,   49.9131,1
   19.0249,   50.9891,1
   16.4755,   51.9403,1
   13.8784,   52.7641,1
   11.2402,   53.4580,1
    8.5673,   54.0200,1
    5.8663,   54.4484,1
    3.1439,   54.7417,1
    0.4068,   54.8989,1
   -2.3381,   54.9193,1
   -5.0841,   54.8024,0
   -7.8242,   54.5482,0
  -10.5516,   54.1569,0
  -13.2595,   53.6294,0
  -15.9409,   52.9664,0
  -18.5892,   52.1693,0
  -21.1977,   51.2399,0
  -23.7597,   50.1800,0
  -26.2687,   48.9920,0
  -28.7183,   47.6786,0
  -31.1022,   46.2427,0
  -33.4144,   44.6875,0
  -35.6487,   43.0168,0
  -37.7996,   41.2344,0
  -39.8613,   39.3444,0
  -41.8285,   37.3513,0
  -43.6961,   35.2599,0
  -45.4591,   33.0751,0
  -47.1128,   30.8022,0
  -48.6530,   28.4465,0
  -50.0753,   26.0139,0
  -51.3760,   23.5101,0
  -52.5515,   20.9413,0
  -53.5985,   18.3137,0
  -54.5142,   15.6338,0
  -55.2959,   12.9081,0
  -55.9413,   10.1433,0
  -56.4485,    7.3462,0
  -56.8158,    4.5238,0
  -57.0420,    1.6830,0
  -57.1261,   -1.1691,0
  -57.0677,   -4.0254,0
  -56.8664,   -6.8788,0
  -56.5225,   -9.7221,0
  -56.0364,  -12.5482,0
  -55.4090,  -15.3500,0
  -54.6415,  -18.1205,0
  -53.7354,  -20.8526,0
  -52.6928,  -23.5393,0
  -51.5159,  -26.1740,0
  -50.2072,  -28.7498,0
  -48.7697,  -31.2601,0
  -47.2067,  -33.6986,0
  -45.5217,  -36.0589,0
  -43.7188,  -38.3350,0
  -41.8020,  -40.5210,0
  -39.7760,  -42.6111,0
  -37.6454,  -44.5999,0
  -35.4154,  -46.4821,0
  -33.0913,  -48.2529,0
  -30.6787,  -49.9075,0
  -28.1833,  -51.4414,0
  -25.6112,  -52.8506,0
  -22.9687,  -54.1311,0
  -20.2622,  -55.2796,0
  -17.4982,  -56.2927,0
  -14.6835,  -57.1676,0
  -11.8252,  -57.9018,0
   -8.9301,  -58.4930,0
   -6.0054,  -58.9395,0
   -3.0584,  -59.2398,0
   -0.0965,  -59.3927,0
    2.8732,  -59.3975,0
    5.8431,  -59.2539,1
    8.8058,  -58.9617,1
   11.7538,  -58.5214,1
   14.6799,  -57.9338,1
   17.5766,  -57.1998,1
   20.4366,  -56.3209,1
   23.2526,  -55.2991,1
   26.0176,  -54.1365,1
   28.7244,  -52.8356,1
   31.3662,  -51.3994,1
   33.9362,  -49.8311,1
   36.4277,  -48.1342,1
   38.8344,  -46.3129,1
   41.1501,  -44.3711,1
   43.3686,  -42.3136,1
   45.4843,  -40.1452,1
   47.4916,  -37.8710,1
   49.3851,  -35.4964,1
   51.1599,  -33.0272,1
   52.8113,  -30.4692,1
   54.3348,  -27.8286,1
   55.7262,  -25.1119,1
   56.9818,  -22.3255,1
   58.0980,  -19.4765,1
   59.0719,  -16.5716,1
   59.9005,  -13.6180,1
   60.5813,  -10.6229,1
   61.1125,   -7.5939,1
   61.4922,   -4.5382,1
   61.7191,   -1.4636,1
   61.7923,    1.6223,1
   61.7112,    4.7119,1
   61.4756,    7.7975,1
   61.0857,   10.8713,1
   60.5421,   13.9256,1
   59.8459,   16.9527,1
   58.9982,   19.9450,1
   58.0010,   22.8949,1
   56.8562,   25.7949,1
   55.5665,   28.6377,1
   54.1346,   31.4160,1
   52.5638,   34.1228,1
   50.8577,   36.7510,1
   49.0201,   39.2939,1
   47.0554,   41.7449,1
   44.9682,   44.0976,1
   42.7633,   46.3460,1
   40.4460,   48.4842,1
   38.0218,   50.5065,1
   35.4965,   52.4076,1
   32.8761,   54.1824,1
   30.1670,   55.8262,1
   27.3757,   57.3346,1
   24.5089,   58.7033,1
   21.5738,   59.9288,1
   18.5773,   61.0075,1
   15.5269,   61.9363,1
   12.4301,   62.7127,1
    9.2945,   63.3342,1
    6.1278,   63.7989,1
    2.9378,   64.1053,1
   -0.2674,   64.2522,1
   -3.4800,   64.2388,0
   -6.6920,   64.0648,0
   -9.8952,   63.7302,0
  -13.0817,   63.2355,0
  -16.2435,   62.5814,0
  -19.3726,   61.7692,0
  -22.4610,   60.8006,0
  -25.5011,   59.6775,0
  -28.4849,   58.4025,0
  -31.4051,   56.9782,0
  -34.2540,   55.4080,0
  -37.0244,   53.6953,0
  -39.7091,   51.8440,0
  -42.3013,   49.8586,0
  -44.7943,   47.7435,0
  -47.1814,   45.5038,0
  -49.4566,   43.1447,0
  -51.6139,   40.6719,0
  -53.6475,   38.0912,0
  -55.5520,   35.4088,0
  -57.3225,   32.6312,0
  -58.9540,   29.7651,0
  -60.4423,   26.8174,0
  -61.7832,   23.7953,0
  -62.9729,   20.7061,0
  -64.0082,   17.5575,0
  -64.8861,   14.3571,0
  -65.6040,   11.1128,0
  -66.1596,    7.8326,0
  -66.5512,    4.5246,0
  -66.7775,    1.1970,0
  -66.8373,   -2.1418,0
  -66.7302,   -5.4837,0
  -66.4560,   -8.8202,0
  -66.0150,  -12.1430,0
  -65.4079,  -15.4438,0
  -64.6357,  -18.7142,0
  -63.7000,  -21.9460,0
  -62.6027,  -25.1310,0
  -61.3461,  -28.2611,0
  -59.9331,  -31.3284,0
  -58.3667,  -34.3251,0
  -56.6504,  -37.2434,0
  -54.7882,  -40.0759,0
  -52.7845,  -42.8153,0
  -50.6437,  -45.4545,0
  -48.3710,  -47.9867,0
  -45.9716,  -50.4053,0
  -43.4514,  -52.7038,0
  -40.8162,  -54.8764,0
  -38.0723,  -56.9172,0
  -35.2265,  -58.8208,0
  -32.2854,  -60.5822,0
  -29.2563,  -62.1964,0
  -26.1465,  -63.6593,0
  -22.9635,  -64.9666,0
  -19.7152,  -66.1148,0
  -16.4095,  -67.1005,0
  -13.0544,  -67.9210,0
   -9.6584,  -68.5737,0
   -6.2297,  -69.0566,0
   -2.7769,  -69.3681,0
    0.6915,  -69.5070,0
    4.1669,  -69.4724,1
    7.6405,  -69.2641,1
   11.1037,  -68.8820,1
   14.5478,  -68.3268,1
   17.9641,  -67.5995,1
   21.3441,  -66.7012,1
   24.6792,  -65.6340,1
   27.9609,  -64.4001,1
   31.1809,  -63.0020,1
   34.3310,  -61.4430,1
   37.4031,  -59.7264,1
   40.3895,  -57.8563,1
   43.2823,  -55.8368,1
   46.0741,  -53.6727,1
   48.7577,  -51.3690,1
   51.3262,  -48.9311,1
   53.7728,  -46.3648,1
   56.0910,  -43.6762,1
   58.2748,  -40.8716,1
   60.3184,  -37.9579,1
   62.2163,  -34.9420,1
   63.9634,  -31.8311,1
   65.5549,  -28.6330,1
   66.9866,  -25.3552,1
   68.2543,  -22.0059,1
   69.3546,  -18.5932,1
   70.2843,  -15.1254,1
   71.0406,  -11.6112,1
   71.6211,   -8.0592,1
   72.0241,   -4.4781,1
   72.2480,   -0.8769,1
   72.2918,    2.7355,1
   72.1551,    6.3500,1
   71.8376,    9.9578,1
   71.3397,   13.5497,1
   70.6622,   17.1167,1
   69.8064,   20.6498,1
   68.7739,   24.1401,1
   67.5669,   27.5788,1
   66.1879,   30.9571,1
   64.6401,   34.2665,1
   62.9267,   37.4985,1
   61.0518,   40.6449,1
   59.0196,   43.6975,1
   56.8347,   46.6484,1
   54.5023,   49.4902,1
   52.0278,   52.2153,1
   49.4170,   54.8167,1
   46.6762,   57.2875,1
   43.8118,   59.6213,1
   40.8307,   61.8119,1
   37.7401,   63.8535,1
   34.5475,   65.7405,1
   31.2604,   67.4678,1
   27.8870,   69.0309,1
   24.4355,   70.4252,1
   20.9142,   71.6470,1
   17.3319,   72.6927,1
   13.6973,   73.5593,1
   10.0193,   74.2442,1
    6.3071,   74.7451,1
    2.5698,   75.0605,1
   -1.1832,   75.1890,1
   -4.9426,   75.1298,0
   -8.6991,   74.8827,0
  -12.4433,   74.4477,0
  -16.1657,   73.8256,0
  -19.8569,   73.0173,0
  -23.5078,   72.0244,0
  -27.1090,   70.8490,0
  -30.6515,   69.4936,0
  -34.1261,   67.9610,0
  -37.5242,   66.2547,0
  -40.8369,   64.3785,0
  -44.0559,   62.3366,0
  -47.1727,   60.1339,0
  -50.1794,   57.7752,0
  -53.0681,   55.2663,0
  -55.8315,   52.6128,0
  -58.4621,   49.8213,0
  -60.9532,   46.8982,0
  -63.2981,   43.8505,0
  -65.4906,   40.6856,0
  -67.5249,   37.4111,0
  -69.3954,   34.0348,0
  -71.0972,   30.5651,0
  -72.6254,   27.0102,0
  -73.9759,   23.3789,0
  -75.1449,   19.6801,0
  -76.1289,   15.9229,0
  -76.9250,   12.1164,0
  -77.5308,    8.2702,0
  -77.9444,    4.3937,0
  -78.1640,    0.4964,0
  -78.1889,   -3.4118,0
  -78.0183,   -7.3212,0
  -77.6522,  -11.2221,0
  -77.0911,  -15.1047,0
  -76.3359,  -18.9593,0
  -75.3879,  -22.7761,0
  -74.2491,  -26.5455,0
  -72.9218,  -30.2579,0
  -71.4089,  -33.9040,0
  -69.7137,  -37.4745,0
  -67.8400,  -40.9602,0
  -65.7920,  -44.3522,0
  -63.5744,  -47.6418,0
  -61.1923,  -50.8205,0
  -58.6513,  -53.8801,0
  -55.9573,  -56.8127,0
  -53.1167,  -59.6105,0
  -50.1361,  -62.2664,0
  -47.0228,  -64.7732,0
  -43.7842,  -67.1243,0
  -40.4279,  -69.3135,0
  -36.9623,  -71.3349,0
  -33.3955,  -73.1830,0
  -29.7364,  -74.8528,0
  -25.9937,  -76.3396,0
  -22.1767,  -77.6393,0
  -18.2948,  -78.7481,0
  -14.3574,  -79.6629,0
  -10.3742,  -80.3808,0
   -6.3552,  -80.8995,0
   -2.3102,  -81.2172,0
    1.7506,  -81.3327,0
    5.8173,  -81.2452,1
    9.8795,  -80.9543,1
   13.9273,  -80.4604,1
   17.9503,  -79.7640,1
   21.9385,  -78.8665,1
   25.8818,  -77.7696,1
   29.7703,  -76.4755,1
   33.5941,  -74.9870,1
   37.3434,  -73.3073,1
   41.0088,  -71.4401,1
   44.5808,  -69.3896,1
   48.0502,  -67.1606,1
   51.4083,  -64.7581,1
   54.6462,  -62.1877,1
   57.7556,  -59.4554,1
   60.7283,  -56.5676,1
   63.5567,  -53.5312,1
   66.2333,  -50.3533,1
   68.7509,  -47.0417,1
   71.1030,  -43.6041,1
   73.2832,  -40.0490,1
   75.2857,  -36.3848,1
   77.1049,  -32.6205,1
   78.7359,  -28.7653,1
   80.1742,  -24.8285,1
   81.4156,  -20.8198,1
   82.4566,  -16.7490,1
   83.2941,  -12.6262,1
   83.9254,   -8.4615,1
   84.3484,   -4.2652,1
   84.5617,   -0.0478,1
   84.5641,    4.1803,1
   84.3551,    8.4085,1
   83.9347,   12.6263,1
   83.3033,   16.8230,1
   82.4622,   20.9882,1
   81.4128,   25.1113,1
   80.1572,   29.1819,1
   78.6981,   33.1898,1
   77.0386,   37.1247,1
   75.1824,   40.9766,1
   73.1336,   44.7357,1
   70.8968,   48.3924,1
   68.4772,   51.9373,1
   65.8803,   55.3611,1
   63.1122,   58.6551,1
   60.1795,   61.8107,1
   57.0889,   64.8197,1
   53.8480,   67.6742,1
   50.4642,   70.3666,1
   46.9459,   72.8898,1
   43.3014,   75.2371,1
   39.5396,   77.4022,1
   35.6695,   79.3791,1
   31.7005,   81.1626,1
   27.6424,   82.7476,1
   23.5050,   84.1297,1
   19.2985,   85.3050,1
   15.0333,   86.2699,1
   10.7198,   87.0216,1
    6.3687,   87.5576,1
    1.9908,   87.8760,1
   -2.4030,   87.9755,1
   -6.8018,   87.8554,0
  -11.1945,   87.5153,0
  -15.5703,   86.9556,0
  -19.9181,   86.1771,0
  -24.2269,   85.1812,0
  -28.4860,   83.9698,0
  -32.6845,   82.5455,0
  -36.8118,   80.9113,0
  -40.8573,   79.0707,0
  -44.8109,   77.0278,0
  -48.6623,   74.7873,0
  -52.4016,   72.3542,0
  -56.0193,   69.7341,0
  -59.5060,   66.9331,0
  -62.8527,   63.9578,0
  -66.0506,   60.8152,0
  -69.0913,   57.5127,0
  -71.9670,   54.0581,0
  -74.6699,   50.4597,0
  -77.1929,   46.7263,0
  -79.5292,   42.8666,0
  -81.6725,   38.8902,0
  -83.6170,   34.8065,0
  -85.3573,   30.6257,0
  -86.8886,   26.3578,0
  -88.2065,   22.0134,0
  -89.3072,   17.6031,0
  -90.1873,   13.1377,0
  -90.8442,    8.6283,0
  -91.2756,    4.0861,0
  -91.4799,   -0.4777,0
  -91.4561,   -5.0517,0
  -91.2035,   -9.6245,0
  -90.7223,  -14.1846,0
  -90.0130,  -18.7208,0
  -89.0770,  -23.2214,0
  -87.9159,  -27.6753,0
  -86.5322,  -32.0711,0
  -84.9286,  -36.3977,0
  -83.1087,  -40.6441,0
  -81.0765,  -44.7995,0
  -78.8365,  -48.8534,0
  -76.3939,  -52.7952,0
  -73.7541,  -56.6149,0
  -70.9234,  -60.3026,0
  -67.9082,  -63.8488,0
  -64.7158,  -67.2442,0
  -61.3536,  -70.4800,0
  -57.8296,  -73.5476,0
  -54.1522,  -76.4391,0
  -50.3303,  -79.1467,0
  -46.3729,  -81.6632,0
  -42.2898,  -83.9819,0
  -38.0907,  -86.0964,0
  -33.7859,  -88.0009,0
  -29.3858,  -89.6902,0
  -24.9013,  -91.1595,0
  -20.3433,  -92.4046,0
  -15.7231,  -93.4217,0
  -11.0520,  -94.2079,0
   -6.3416,  -94.7605,0
   -1.6036,  -95.0776,0
    3.1503,  -95.1577,0
    7.9082,  -95.0002,1
   12.6582,  -94.6048,1
   17.3884,  -93.9719,1
   22.0870,  -93.1025,1
   26.7421,  -91.9981,1
   31.3420,  -90.6610,1
   35.8751,  -89.0939,1
   40.3298,  -87.3002,1
   44.6948,  -85.2837,1
   48.9590,  -83.0489,1
   53.1114,  -80.6010,1
   57.1415,  -77.9454,1
   61.0387,  -75.0883,1
   64.7932,  -72.0364,1
   68.3950,  -68.7967,1
   71.8348,  -65.3770,1
   75.1037,  -61.7853,1
   78.1929,  -58.0301,1
   81.0944,  -54.1204,1
   83.8005,  -50.0657,1
   86.3038,  -45.8757,1
   88.5975,  -41.5605,1
   90.6756,  -37.1306,1
   92.5321,  -32.5968,1
   94.1619,  -27.9702,1
   95.5605,  -23.2621,1
   96.7236,  -18.4841,1
   97.6478,  -13.6479,1
   98.3302,   -8.7655,1
   98.7684,   -3.8490,1
   98.9609,    1.0894,1
   98.9064,    6.0374,1
   98.6046,   10.9828,1
   98.0554,   15.9130,1
   97.2598,   20.8158,1
   96.2190,   25.6787,1
   94.9350,   30.4897,1
   93.4106,   35.2364,1
   91.6487,   39.9070,1
   89.6534,   44.4894,1
   87.4289,   48.9721,1
   84.9803,   53.3435,1
   82.3131,   57.5925,1
   79.4335,   61.7082,1
   76.3481,   65.6799,1
   73.0641,   69.4973,1
   69.5892,   73.1505,1
   65.9317,   76.6299,1
   62.1002,   79.9265,1
   58.1039,   83.0315,1
   53.9523,   85.9367,1
   49.6555,   88.6344,1
   45.2238,   91.1171,1
   40.6679,   93.3783,1
   35.9990,   95.4117,1
   31.2284,   97.2117,1
   26.3678,   98.7731,1
   21.4292,  100.0915,1
   16.4246,  101.1629,1
   11.3665,  101.9842,1
    6.2673,  102.5525,1
    1.1396,  102.8658,1
   -4.0037,  102.9228,1
   -9.1498,  102.7226,0
  -14.2859,  102.2652,0
  -19.3992,  101.5509,0
  -24.4767,  100.5809,0
  -29.5058,   99.3571,0
  -34.4736,   97.8818,0
  -39.3677,   96.1581,0
  -44.1756,   94.1897,0
  -48.8851,   91.9809,0
  -53.4842,   89.5367,0
  -57.9610,   86.8625,0
  -62.3041,   83.9644,0
  -66.5023,   80.8492,0
  -70.5448,   77.5241,0
  -74.4210,   73.9969,0
  -78.1208,   70.2758,0
  -81.6346,   66.3698,0
  -84.9531,   62.2880,0
  -88.0675,   58.0404,0
  -90.9695,   53.6370,0
  -93.6514,   49.0885,0
  -96.1058,   44.4060,0
  -98.3261,   39.6007,0
 -100.3062,   34.6844,0
 -102.0404,   29.6690,0
 -103.5238,   24.5670,0
 -104.7522,   19.3908,0
 -105.7217,   14.1532,0
 -106.4294,    8.8671,0
 -106.8727,    3.5457,0
 -107.0500,   -1.7980,0
 -106.9601,   -7.1505,0
 -106.6026,  -12.4985,0
 -105.9777,  -17.8286,0
 -105.0862,  -23.1275,0
 -103.9299,  -28.3818,0
 -102.5108,  -33.5783,0
 -100.8319,  -38.7038,0
  -98.8967,  -43.7454,0
  -96.7094,  -48.6903,0
  -94.2749,  -53.5257,0
  -91.5986,  -58.2395,0
  -88.6866,  -62.8194,0
  -85.5457,  -67.2537,0
  -82.1830,  -71.5310,0
  -78.6064,  -75.6402,0
  -74.8244,  -79.5705,0
  -70.8459,  -83.3117,0
  -66.6803,  -86.8540,0
  -62.3376,  -90.1880,0
  -57.8282,  -93.3049,0
  -53.1630,  -96.1963,0
  -48.3532,  -98.8545,0
  -43.4104, -101.2721,0
  -38.3468, -103.4426,0
  -33.1747, -105.3600,0
  -27.9067, -107.0187,0
  -22.5558, -108.4140,0
  -17.1351, -109.5418,0
  -11.6580, -110.3986,0
   -6.1380, -110.9815,0
   -0.5890, -111.2884,0
    4.9755, -111.3178,0
   10.5413, -111.0691,1
   16.0948, -110.5420,1
   21.6219, -109.7373,1
   27.1088, -108.6562,1
   32.5416, -107.3007,1
   37.9066, -105.6736,1
   43.1903, -103.7783,1
   48.3792, -101.6188,1
   53.4601,  -99.1998,1
   58.4201,  -96.5268,1
   63.2465,  -93.6058,1
   67.9268,  -90.4435,1
   72.4490,  -87.0472,1
   76.8013,  -83.4247,1
   80.9725,  -79.5847,1
   84.9518,  -75.5360,1
   88.7286,  -71.2884,1
   92.2930,  -66.8520,1
   95.6356,  -62.2374,1
   98.7475,  -57.4556,1
  101.6202,  -52.5182,1
  104.2462,  -47.4372,1
  106.6180,  -42.2249,1
  108.7293,  -36.8940,1
  110.5740,  -31.4575,1
  112.1468,  -25.9288,1
  113.4433,  -20.3215,1
  114.4593,  -14.6493,1
  115.1918,   -8.9263,1
  115.6381,   -3.1668,1
  115.7965,    2.6152,1
  115.6657,    8.4050,1
  115.2455,   14.1883,1
  114.5360,   19.9505,1
  113.5385,   25.6773,1
  112.2547,   31.3543,1
  110.6869,   36.9670,1
  108.8386,   42.5013,1
  106.7135,   47.9433,1
  104.3164,   53.2789,1
  101.6524,   58.4948,1
   98.7277,   63.5774,1
   95.5488,   68.5138,1
   92.1231,   73.2912,1
   88.4586,   77.8974,1
   84.5637,   82.3203,1
   80.4477,   86.5485,1
   76.1203,   90.5709,1
   71.5917,   94.3769,1
   66.8729,   97.9565,1
   61.9750,  101.3001,1
   56.9100,  104.3989,1
   51.6901,  107.2444,1
   46.3279,  109.8289,1
   40.8364,  112.1453,1
   35.2292,  114.1871,1
   29.5198,  115.9485,1
   23.7224,  117.4245,1
   17.8512,  118.6107,1
   11.9206,  119.5032,1
    5.9455,  120.0992,1
   -0.0595,  120.3965,1
   -6.0793,  120.3935,0
  -12.0990,  120.0896,0
  -18.1035,  119.4846,0
  -24.0777,  118.5795,0
  -30.0067,  117.3756,0
  -35.8755,  115.8752,0
  -41.6692,  114.0815,0
  -47.3733,  111.9980,0
  -52.9732,  109.6293,0
  -58.4547,  106.9807,0
  -63.8037,  104.0579,0
  -69.0066,  100.8678,0
  -74.0500,   97.4174,0
  -78.9209,   93.7149,0
  -83.6066,   89.7689,0
  -88.0950,   85.5886,0
  -92.3745,   81.1838,0
  -96.4337,   76.5651,0
 -100.2619,   71.7434,0
 -103.8491,   66.7303,0
 -107.1856,   61.5378,0
 -110.2625,   56.1786,0
 -113.0714,   50.6654,0
 -115.6047,   45.0119,0
 -117.8553,   39.2316,0
 -119.8169,   33.3389,0
 -121.4838,   27.3480,0
 -122.8512,   21.2738,0
 -123.9149,   15.1313,0
 -124.6715,    8.9355,0
 -125.1182,    2.7020,0
 -125.2533,   -3.5540,0
 -125.0756,   -9.8166,0
 -124.5848,  -16.0704,0
 -123.7813,  -22.2996,0
 -122.6663,  -28.4887,0
 -121.2419,  -34.6220,0
 -119.5108,  -40.6841,0
 -117.4766,  -46.6597,0
 -115.1436,  -52.5335,0
 -112.5169,  -58.2907,0
 -109.6024,  -63.9165,0
 -106.4065,  -69.3966,0
 -102.9367,  -74.7170,0
  -99.2009,  -79.8638,0
  -95.2077,  -84.8238,0
  -90.9665,  -89.5842,0
  -86.4873,  -94.1325,0
  -81.7807,  -98.4569,0
  -76.8578, -102.5459,0
  -71.7305, -106.3888,0
  -66.4111, -109.9754,0
  -60.9123, -113.2959,0
  -55.2475, -116.3415,0
  -49.4304, -119.1039,0
  -43.4752, -121.5754,0
  -37.3965, -123.7492,0
  -31.2090, -125.6190,0
  -24.9281, -127.1795,0
  -18.5691, -128.4259,0
  -12.1478, -129.3543,0
   -5.6801, -129.9617,0
    0.8180, -130.2457,0
    7.3303, -130.2048,1
   13.8405, -129.8383,1
   20.3325, -129.1463,1
   26.7898, -128.1296,1
   33.1962, -126.7902,1
   39.5358, -125.1303,1
   45.7923, -123.1535,1
   51.9499, -120.8639,1
   57.9931, -118.2664,1
   63.9065, -115.3668,1
   69.6748, -112.1715,1
   75.2834, -108.6877,1
   80.7178, -104.9236,1
   85.9639, -100.8877,1
   91.0083,  -96.5895,1
   95.8378,  -92.0391,1
  100.4398,  -87.2472,1
  104.8021,  -82.2252,1
  108.9134,  -76.9851,1
  112.7626,  -71.5394,1
  116.3396,  -65.9013,1
  119.6347,  -60.0843,1
  122.6389,  -54.1026,1
  125.3440,  -47.9706,1
  127.7425,  -41.7034,1
  129.8277,  -35.3163,1
  131.5935,  -28.8249,1
  133.0347,  -22.2452,1
  134.1470,  -15.5935,1
  134.9267,   -8.8861,1
  135.3710,   -2.1398,1
  135.4780,    4.6287,1
  135.2466,   11.4026,1
  134.6764,   18.1650,1
  133.7682,   24.8988,1
  132.5232,   31.5872,1
  130.9439,   38.2134,1
  129.0332,   44.7606,1
  126.7952,   51.2122,1
  124.2346,   57.5520,1
  121.3570,   63.7637,1
  118.1688,   69.8316,1
  114.6772,   75.7400,1
  110.8902,   81.4739,1
  106.8165,   87.0184,1
  102.4656,   92.3592,1
   97.8476,   97.4825,1
   92.9735,  102.3749,1
   87.8548,  107.0235,1
   82.5036,  111.4163,1
   76.9328,  115.5414,1
   71.1557,  119.3881,1
   65.1863,  122.9459,1
   59.0390,  126.2052,1
   52.7287,  129.1571,1
   46.2709,  131.7936,1
   39.6812,  134.1071,1
   32.9758,  136.0912,1
   26.1713,  137.7400,1
   19.2843,  139.0485,1
   12.3319,  140.0127,1
    5.3312,  140.6293,1
   -1.7002,  140.8959,1
   -8.7450,  140.8109,0
  -15.7856,  140.3736,0
  -22.8043,  139.5844,0
  -29.7835,  138.4441,0
  -36.7057,  136.9550,0
  -43.5534,  135.1197,0
  -50.3094,  132.9420,0
  -56.9565,  130.4265,0
  -63.4778,  127.5787,0
  -69.8568,  124.4048,0
  -76.0770,  120.9120,0
  -82.1226,  117.1081,0
  -87.9780,  113.0020,0
  -93.6281,  108.6031,0
  -99.0583,  103.9217,0
 -104.2544,   98.9688,0
 -109.2028,   93.7561,0
 -113.8906,   88.2959,0
 -118.3054,   82.6014,0
 -122.4355,   76.6861,0
 -126.2698,   70.5644,0
 -129.7980,   64.2509,0
 -133.0105,   57.7610,0
 -135.8986,   51.1104,0
 -138.4541,   44.3155,0
 -140.6699,   37.3928,0
 -142.5395,   30.3593,0
 -144.0575,   23.2323,0
 -145.2191,   16.0295,0
 -146.0206,    8.7685,0
 -146.4590,    1.4675,0
 -146.5324,   -5.8555,0
 -146.2396,  -13.1821,0
 -145.5805,  -20.4941,0
 -144.5558,  -27.7731,0
 -143.1672,  -35.0009,0
 -141.4171,  -42.1593,0
 -139.3092,  -49.2301,0
 -136.8477,  -56.1956,0
 -134.0379,  -63.0379,0
 -130.8860,  -69.7398,0
 -127.3990,  -76.2841,0
 -123.5848,  -82.6541,0
 -119.4521,  -88.8333,0
 -115.0104,  -94.8059,0
 -110.2701, -100.5564,0
 -105.2423, -106.0700,0
  -99.9388, -111.3321,0
  -94.3722, -116.3290,0
  -88.5557, -121.0476,0
  -82.5033, -125.4754,0
  -76.2296, -129.6006,0
  -69.7495, -133.4120,0
  -63.0789, -136.8995,0
  -56.2340, -140.0535,0
  -49.2313, -142.8652,0
  -42.0880, -145.3267,0
  -34.8217, -147.4311,0
  -27.4501, -149.1722,0
  -19.9915, -150.5447,0
  -12.4643, -151.5443,0
   -4.8871, -152.1675,0
    2.7213, -152.4119,0
   10.3419, -152.2758,1
   17.9557, -151.7587,1
   25.5436, -150.8609,1
   33.0867, -149.5838,1
   40.5658, -147.9294,1
   47.9623, -145.9011,1
   55.2574, -143.5030,1
   62.4325, -140.7402,1
   69.4695, -137.6185,1
   76.3505, -134.1451,1
   83.0577, -130.3275,1
   89.5741, -126.1746,1
   95.8828, -121.6959,1
  101.9676, -116.9018,1
  107.8127, -111.8034,1
  113.4029, -106.4128,1
  118.7235, -100.7426,1
  123.7607,  -94.8065,1
  128.5010,  -88.6184,1
  132.9319,  -82.1934,1
  137.0416,  -75.5468,1
  140.8189,  -68.6947,1
  144.2536,  -61.6538,1
  147.3363,  -54.4411,1
  150.0584,  -47.0743,1
  152.4121,  -39.5713,1
  154.3907,  -31.9507,1
  155.9882,  -24.2312,1
  157.1998,  -16.4318,1
  158.0214,   -8.5718,1
  158.4500,   -0.6707,1
  158.4835,    7.2518,1
  158.1209,   15.1759,1
  157.3621,   23.0820,1
  156.2080,   30.9501,1
  154.6605,   38.7605,1
  152.7225,   46.4935,1
  150.3978,   54.1296,1
  147.6913,   61.6495,1
  144.6088,   69.0341,1
  141.1571,   76.2645,1
  137.3439,   83.3224,1
  133.1778,   90.1896,1
  128.6683,   96.8485,1
  123.8259,  103.2819,1
  118.6618,  109.4732,1
  113.1881,  115.4063,1
  107.4178,  121.0657,1
  101.3645,  126.4366,1
   95.0427,  131.5048,1
   88.4675,  136.2569,1
   81.6546,  140.6803,1
   74.6206,  144.7630,1
   67.3824,  148.4941,1
   59.9577,  151.8632,1
   52.3646,  154.8611,1
   44.6215,  157.4793,1
   36.7476,  159.7104,1
   28.7620,  161.5478,1
   20.6846,  162.9859,1
   12.5354,  164.0201,1
    4.3343,  164.6469,1
   -3.8980,  164.8636,1
  -12.1412,  164.6687,0
  -20.3746,  164.0616,0
  -28.5777,  163.0429,0
  -36.7298,  161.6140,0
  -44.8105,  159.7775,0
  -52.7994,  157.5370,0
  -60.6763,  154.8970,0
  -68.4211,  151.8632,0
  -76.0143,  148.4422,0
  -83.4364,  144.6414,0
  -90.6685,  140.4696,0
  -97.6919,  135.9362,0
 -104.4888,  131.0516,0
 -111.0413,  125.8272,0
 -117.3327,  120.2751,0
 -123.3465,  114.4085,0
 -129.0669,  108.2411,0
 -134.4789,  101.7878,0
 -139.5683,   95.0639,0
 -144.3215,   88.0854,0
 -148.7258,   80.8694,0
 -152.7693,   73.4331,0
 -156.4409,   65.7946,0
 -159.7306,   57.9726,0
 -162.6293,   49.9860,0
 -165.1286,   41.8546,0
 -167.2213,   33.5981,0
 -168.9012,   25.2371,0
 -170.1630,   16.7920,0
 -171.0026,    8.2839,0
 -171.4168,   -0.2663,0
 -171.4035,   -8.8371,0
 -170.9617,  -17.4073,0
 -170.0913,  -25.9554,0
 -168.7935,  -34.4599,0
 -167.0705,  -42.8996,0
 -164.9256,  -51.2531,0
 -162.3629,  -59.4994,0
 -159.3879,  -67.6176,0
 -156.0071,  -75.5870,0
 -152.2277,  -83.3873,0
 -148.0583,  -90.9987,0
 -143.5084,  -98.4016,0
 -138.5883, -105.5771,0
 -133.3095, -112.5065,0
 -127.6842, -119.1719,0
 -121.7256, -125.5562,0
 -115.4478, -131.6424,0
 -108.8656, -137.4148,0
 -101.9949, -142.8581,0
  -94.8520, -147.9578,0
  -87.4541, -152.7004,0
  -79.8191, -157.0732,0
  -71.9654, -161.0641,0
  -63.9122, -164.6624,0
  -55.6791, -167.8580,0
  -47.2862, -170.6419,0
  -38.7541, -173.0062,0
  -30.1038, -174.9439,0
  -21.3566, -176.4491,0
  -12.5341, -177.5169,0
   -3.6583, -178.1436,0
    5.2489, -178.3266,0
   14.1652, -178.0641,1
   23.0684, -177.3558,1
   31.9362, -176.2024,1
   40.7464, -174.6056,1
   49.4766, -172.5683,1
   58.1051, -170.0944,1
   66.6098, -167.1892,1
   74.9692, -163.8587,1
   83.1622, -160.1102,1
   91.1677, -155.9521,1
   98.9653, -151.3937,1
  106.5350, -146.4455,1
  113.8572, -141.1187,1
  120.9132, -135.4259,1
  127.6845, -129.3802,1
  134.1535, -122.9960,1
  140.3033, -116.2883,1
  146.1177, -109.2732,1
  151.5814, -101.9673,1
  156.6797,  -94.3882,1
  161.3991,  -86.5542,1
  165.7268,  -78.4843,1
  169.6510,  -70.1979,1
  173.1609,  -61.7154,1
  176.2467,  -53.0573,1
  178.8996,  -44.2450,1
  181.1118,  -35.3000,1
  182.8768,  -26.2444,1
  184.1891,  -17.1006,1
  185.0441,   -7.8911,1
  185.4386,    1.3611,1
  185.3706,   10.6330,1
  184.8389,   19.9015,1
  183.8439,   29.1435,1
  182.3867,   38.3357,1
  180.4699,   47.4550,1
  178.0972,   56.4785,1
  175.2732,   65.3834,1
  172.0041,   74.1470,1
  168.2967,   82.7472,1
  164.1594,   91.1621,1
  159.6013,   99.3700,1
  154.6328,  107.3501,1
  149.2652,  115.0817,1
  143.5112,  122.5450,1
  137.3839,  129.7206,1
  130.8979,  136.5898,1
  124.0684,  143.1347,1
  116.9117,  149.3381,1
  109.4448,  155.1837,1
  101.6856,  160.6559,1
   93.6528,  165.7402,1
   85.3658,  170.4228,1
   76.8446,  174.6911,1
   68.1101,  178.5333,1
   59.1834,  181.9388,1
   50.0865,  184.8980,1
   40.8416,  187.4023,1
   31.4715,  189.4444,1
   21.9992,  191.0180,1
   12.4483,  192.1179,1
    2.8424,  192.7404,1
   -6.7946,  192.8825,1
  -16.4387,  192.5428,0
  -26.0658,  191.7208,0
  -35.6519,  190.4175,0
  -45.1728,  188.6349,0
  -54.6045,  186.3763,0
  -63.9233,  183.6461,0
  -73.1056,  180.4499,0
  -82.1281,  176.7946,0
  -90.9679,  172.6882,0
  -99.6023,  168.1398,0
 -108.0093,  163.1597,0
 -116.1672,  157.7592,0
 -124.0552,  151.9509,0
 -131.6527,  145.7481,0
 -138.9401,  139.1655,0
 -145.8984,  132.2185,0
 -152.5093,  124.9236,0
 -158.7555,  117.2981,0
 -164.6204,  109.3603,0
 -170.0884,  101.1293,0
 -175.1449,   92.6249,0
 -179.7761,   83.8676,0
 -183.9695,   74.8788,0
 -187.7135,   65.6803,0
 -190.9975,   56.2947,0
 -193.8122,   46.7448,0
 -196.1494,   37.0542,0
 -198.0021,   27.2467,0
 -199.3645,   17.3466,0
 -200.2318,    7.3784,0
 -200.6007,   -2.6332,0
 -200.4690,  -12.6632,0
 -199.8359,  -22.6867,0
 -198.7015,  -32.6785,0
 -197.0676,  -42.6136,0
 -194.9369,  -52.4670,0
 -192.3136,  -62.2138,0
 -189.2029,  -71.8295,0
 -185.6114,  -81.2896,0
 -181.5469,  -90.5702,0
 -177.0184,  -99.6475,0
 -172.0361, -108.4985,0
 -166.6111, -117.1003,0
 -160.7561, -125.4308,0
 -154.4846, -133.4686,0
 -147.8111, -141.1929,0
 -140.7515, -148.5834,0
 -133.3223, -155.6210,0
 -125.5413, -162.2871,0
 -117.4269, -168.5642,0
 -108.9987, -174.4355,0
 -100.2769, -179.8855,0
  -91.2827, -184.8993,0
  -82.0377, -189.4635,0
  -72.5645, -193.5653,0
  -62.8862, -197.1936,0
  -53.0266, -200.3379,0
  -43.0097, -202.9892,0
  -32.8602, -205.1397,0
  -22.6032, -206.7827,0
  -12.2641, -207.9128,0
   -1.8684, -208.5260,0
    8.5579, -208.6195,0
   18.9888, -208.1916,1
   29.3984, -207.2421,1
   39.7605, -205.7722,1
   50.0491, -203.7842,1
   60.2383, -201.2817,1
   70.3024, -198.2698,1
   80.2159, -194.7547,1
   89.9536, -190.7439,1
   99.4908, -186.2462,1
  108.8031, -181.2717,1
  117.8667, -175.8315,1
  126.6583, -169.9382,1
  135.1552, -163.6053,1
  143.3355, -156.8475,1
  151.1779, -149.6807,1
  158.6619, -142.1218,1
  165.7680, -134.1887,1
  172.4774, -125.9003,1
  178.7724, -117.2765,1
  184.6363, -108.3378,1
  190.0531,  -99.1060,1
  195.0085,  -89.6034,1
  199.4886,  -79.8529,1
  203.4813,  -69.8785,1
  206.9752,  -59.7044,1
  209.9604,  -49.3557,1
  212.4282,  -38.8577,1
  214.3711,  -28.2363,1
  215.7829,  -17.5177,1
  216.6588,   -6.7286,1
  216.9952,    4.1044,1
  216.7900,   14.9541,1
  216.0423,   25.7936,1
  214.7526,   36.5958,1
  212.9228,   47.3334,1
  210.5562,   57.9795,1
  207.6572,   68.5073,1
  204.2318,   78.8902,1
  200.2873,   89.1018,1
  195.8322,   99.1162,1
  190.8764,  108.9078,1
  185.4310,  118.4516,1
  179.5084,  127.7232,1
  173.1223,  136.6986,1
  166.2874,  145.3547,1
  159.0196,  153.6691,1
  151.3362,  161.6200,1
  143.2552,  169.1868,1
  134.7958,  176.3496,1
  125.9783,  183.0894,1
  116.8239,  189.3883,1
  107.3545,  195.2295,1
   97.5930,  200.5972,1
   87.5631,  205.4769,1
   77.2893,  209.8550,1
   66.7965,  213.7195,1
   56.1105,  217.0593,1
   45.2576,  219.8648,1
   34.2643,  222.1277,1
   23.1580,  223.8409,1
   11.9659,  224.9988,1
    0.7160,  225.5971,1
  -10.5639,  225.6329,1
  -21.8455,  225.1047,0
  -33.1008,  224.0125,0
  -44.3014,  222.3574,0
  -55.4193,  220.1423,0
  -66.4264,  217.3714,0
  -77.2949,  214.0500,0
  -87.9974,  210.1853,0
  -98.5067,  205.7854,0
 -108.7960,  200.8601,0
 -118.8390,  195.4203,0
 -128.6100,  189.4783,0
 -138.0839,  183.0478,0
 -147.2363,  176.1436,0
 -156.0435,  168.7818,0
 -164.4826,  160.9797,0
 -172.5316,  152.7555,0
 -180.1693,  144.1290,0
 -187.3758,  135.1205,0
 -194.1318,  125.7517,0
 -200.4194,  116.0451,0
 -206.2216,  106.0241,0
 -211.5229,   95.7131,0
 -216.3085,   85.1369,0
 -220.5654,   74.3215,0
 -224.2814,   63.2932,0
 -227.4461,   52.0791,0
 -230.0501,   40.7068,0
 -232.0854,   29.2043,0
 -233.5456,   17.6001,0
 -234.4256,    5.9228,0
 -234.7218,   -5.7985,0
 -234.4318,  -17.5346,0
 -233.5551,  -29.2562,0
 -232.0923,  -40.9339,0
 -230.0456,  -52.5385,0
 -227.4187,  -64.0408,0
 -224.2166,  -75.4118,0
 -220.4461,  -86.6226,0
 -216.1149,  -97.6449,0
 -211.2327, -108.4506,0
 -205.8102, -119.0123,0
 -199.8595, -129.3028,0
 -193.3944, -139.2958,0
 -186.4296, -148.9655,0
 -178.9814, -158.2870,0
 -171.0670, -167.2360,0
 -162.7052, -175.7894,0
 -153.9157, -183.9246,0
 -144.7195, -191.6204,0
 -135.1385, -198.8564,0
 -125.1957, -205.6133,0
 -114.9150, -211.8731,0
 -104.3213, -217.6189,0
  -93.4404, -222.8349,0
  -82.2986, -227.5069,0
  -70.9233, -231.6219,0
  -59.3422, -235.1680,0
  -47.5838, -238.1351,0
  -35.6771, -240.5143,0
  -23.6513, -242.2982,0
  -11.5364, -243.4808,0
    0.6376, -244.0576,0
   12.8405, -244.0257,1
   25.0418, -243.3837,1
   37.2110, -242.1316,1
   49.3175, -240.2710,1
   61.3311, -237.8052,1
   73.2214, -234.7386,1
   84.9583, -231.0775,1
   96.5122, -226.8296,1
  107.8536, -222.0040,1
  118.9538, -216.6113,1
  129.7844, -210.6636,1
  140.3176, -204.1744,1
  150.5263, -197.1585,1
  160.3842, -189.6322,1
  169.8659, -181.6130,1
  178.9465, -173.1197,1
  187.6025, -164.1724,1
  195.8111, -154.7923,1
  203.5507, -145.0017,1
  210.8008, -134.8242,1
  217.5420, -124.2841,1
  223.7562, -113.4070,1
  229.4266, -102.2192,1
  234.5375,  -90.7479,1
  239.0749,  -79.0210,1
  243.0260,  -67.0673,1
  246.3793,  -54.9160,1
  249.1252,  -42.5970,1
  251.2550,  -30.1407,1
  252.7620,  -17.5780,1
  253.6409,   -4.9399,1
  253.8879,    7.7422,1
  253.5008,   20.4366,1
  252.4790,   33.1116,1
  250.8234,   45.7356,1
  248.5366,   58.2767,1
  245.6228,   70.7036,1
  242.0876,   82.9847,1
  237.9384,   95.0891,1
  233.1839,  106.9860,1
  227.8346,  118.6452,1
  221.9024,  130.0369,1
  215.4005,  141.1320,1
  208.3439,  151.9021,1
  200.7488,  162.3193,1
  192.6329,  172.3567,1
  184.0150,  181.9883,1
  174.9156,  191.1891,1
  165.3562,  199.9349,1
  155.3594,  208.2027,1
  144.9493,  215.9707,1
  134.1507,  223.2181,1
  122.9898,  229.9257,1
  111.4936,  236.0751,1
   99.6898,  241.6498,1
   87.6073,  246.6343,1
   75.2756,  251.0147,1
   62.7249,  254.7785,1
   49.9859,  257.9147,1
   37.0902,  260.4140,1
   24.0695,  262.2685,1
   10.9561,  263.4720,1
   -2.2175,  264.0198,1
  -15.4185,  263.9089,0
  -28.6140,  263.1380,0
  -41.7709,  261.7073,0
  -54.8562,  259.6187,0
  -67.8372,  256.8759,0
  -80.6810,  253.4841,0
  -93.3552,  249.4500,0
 -105.8277,  244.7823,0
 -118.0668,  239.4909,0
 -130.0413,  233.5876,0
 -141.7207,  227.0855,0
 -153.0750,  219.9995,0
 -164.0750,  212.3457,0
 -174.6922,  204.1420,0
 -184.8993,  195.4074,0
 -194.6697,  186.1624,0
 -203.9778,  176.4289,0
 -212.7993,  166.2300,0
 -221.1108,  155.5901,0
 -228.8903,  144.5345,0
 -236.1170,  133.0900,0
 -242.7715,  121.2842,0
 -248.8357,  109.1456,0
 -254.2930,   96.7038,0
 -259.1282,   83.9892,0
 -263.3276,   71.0327,0
 -266.8793,   57.8664,0
 -269.7726,   44.5224,0
 -271.9987,   31.0338,0
 -273.5504,   17.4338,0
 -274.4221,    3.7563,0
 -274.6099,   -9.9648,0
 -274.1117,  -23.6953,0
 -272.9269,  -37.4009,0
 -271.0569,  -51.0472,0
 -268.5045,  -64.6001,0
 -265.2745,  -78.0253,0
 -261.3732,  -91.2890,0
 -256.8088, -104.3577,0
 -251.5909, -117.1981,0
 -245.7310, -129.7777,0
 -239.2421, -142.0642,0
 -232.1389, -154.0263,0
 -224.4376, -165.6333,0
 -216.1559, -176.8551,0
 -207.3132, -187.6629,0
 -197.9300, -198.0286,0
 -188.0286, -207.9251,0
 -177.6323, -217.3265,0
 -166.7660, -226.2082,0
 -155.4556, -234.5465,0
 -143.7283, -242.3192,0
 -131.6123, -249.5057,0
 -119.1370, -256.0863,0
 -106.3327, -262.0431,0
  -93.2306, -267.3598,0
  -79.8626, -272.0213,0
  -66.2615, -276.0144,0
  -52.4608, -279.3275,0
  -38.4944, -281.9506,0
  -24.3969, -283.8753,0
  -10.2031, -285.0951,0
    4.0516, -285.6053,0
   18.3319, -285.4027,1
   32.6021, -284.4861,1
   46.8264, -282.8560,1
   60.9692, -280.5147,1
   74.9949, -277.4662,1
   88.8682, -273.7165,1
  102.5540, -269.2731,1
  116.0177, -264.1454,1
  129.2249, -258.3445,1
  142.1422, -251.8832,1
  154.7363, -244.7761,1
  166.9751, -237.0393,1
  178.8271, -228.6906,1
  190.2616, -219.7492,1
  201.2491, -210.2361,1
  211.7609, -200.1737,1
  221.7696, -189.5856,1
  231.2488, -178.4972,1
  240.1737, -166.9347,1
  248.5204, -154.9260,1
  256.2668, -142.5000,1
  263.3918, -129.6867,1
  269.8761, -116.5171,1
  275.7020, -103.0233,1
  280.8531,  -89.2382,1
  285.3150,  -75.1955,1
  289.0748,  -60.9298,1
  292.1213,  -46.4760,1
  294.4451,  -31.8700,1
  296.0386,  -17.1477,1
  296.8960,   -2.3458,1
  297.0132,   12.4990,1
  296.3883,   27.3497,1
  295.0208,   42.1691,1
  292.9124,   56.9201,1
  290.0663,   71.5657,1
  286.4881,   86.0691,1
  282.1846,  100.3935,1
  277.1649,  114.5027,1
  271.4398,  128.3609,1
  265.0217,  141.9329,1
  257.9251,  155.1840,1
  250.1659,  168.0803,1
  241.7619,  180.5886,1
  232.7324,  192.6767,1
  223.0986,  204.3133,1
  212.8829,  215.4682,1
  202.1095,  226.1124,1
  190.8039,  236.2178,1
  178.9930,  245.7580,1
  166.7051,  254.7077,1
  153.9697,  263.0429,1
  140.8176,  270.7414,1
  127.2805,  277.7823,1
  113.3914,  284.1463,1
   99.1841,  289.8159,1
   84.6933,  294.7751,1
   69.9545,  299.0097,1
   55.0041,  302.5075,1
   39.8787,  305.2577,1
   24.6158,  307.2516,1
    9.2532,  308.4824,1
   -6.1709,  308.9451,1
  -21.6182,  308.6365,0
  -37.0500,  307.5556,0
  -52.4278,  305.7031,0
  -67.7129,  303.0817,0
  -82.8670,  299.6961,0
  -97.8518,  295.5527,0
 -112.6294,  290.6602,0
 -127.1625,  285.0287,0
 -141.4139,  278.6706,0
 -155.3474,  271.5999,0
 -168.9274,  263.8325,0
 -182.1190,  255.3861,0
 -194.8883,  246.2802,0
 -207.2023,  236.5358,0
 -219.0291,  226.1756,0
 -230.3379,  215.2242,0
 -241.0991,  203.7073,0
 -251.2845,  191.6523,0
 -260.8671,  179.0881,0
 -269.8215,  166.0447,0
 -278.1237,  152.5537,0
 -285.7514,  138.6475,0
 -292.6838,  124.3599,0
 -298.9018,  109.7257,0
 -304.3881,   94.7806,0
 -309.1271,   79.5612,0
 -313.1052,   64.1049,0
 -316.3104,   48.4496,0
 -318.7329,   32.6341,0
 -320.3646,   16.6974,0
 -321.1995,    0.6792,0
 -321.2335,  -15.3808,0
 -320.4644,  -31.4425,0
 -318.8923,  -47.4657,0
 -316.5190,  -63.4103,0
 -313.3485,  -79.2362,0
 -309.3867,  -94.9037,0
 -304.6415, -110.3730,0
 -299.1229, -125.6051,0
 -292.8426, -140.5612,0
 -285.8146, -155.2034,0
 -278.0544, -169.4941,0
 -269.5797, -183.3968,0
 -260.4099, -196.8758,0
 -250.5661, -209.8963,0
 -240.0713, -222.4246,0
 -228.9500, -234.4282,0
 -217.2286, -245.8757,0
 -204.9349, -256.7371,0
 -192.0980, -266.9838,0
 -178.7488, -276.5887,0
 -164.9194, -285.5262,0
 -150.6431, -293.7721,0
 -135.9545, -301.3043,0
 -120.8893, -308.1020,0
 -105.4842, -314.1465,0
  -89.7768, -319.4207,0
  -73.8058, -323.9095,0
  -57.6103, -327.5998,0
  -41.2303, -330.4803,0
  -24.7063, -332.5418,0
   -8.0792, -333.7772,0
    8.6096, -334.1811,0
   25.3187, -333.7506,1
   42.0062, -332.4847,1
   58.6305, -330.3844,1
   75.1497, -327.4529,1
   91.5223, -323.6954,1
  107.7071, -319.1193,1
  123.6630, -313.7339,1
  139.3497, -307.5508,1
  154.7273, -300.5833,1
  169.7564, -292.8469,1
  184.3988, -284.3591,1
  198.6167, -275.1392,1
  212.3737, -265.2083,1
  225.6341, -254.5896,1
  238.3636, -243.3079,1
  250.5290, -231.3897,1
  262.0985, -218.8633,1
  273.0417, -205.7584,1
  283.3296, -192.1063,1
  292.9349, -177.9398,1
  301.8319, -163.2931,1
  309.9966, -148.2015,1
  317.4066, -132.7016,1
  324.0417, -116.8313,1
  329.8832, -100.6292,1
  334.9147,  -84.1351,1
  339.1215,  -67.3893,1
  342.4909,  -50.4333,1
  345.0126,  -33.3087,1
  346.6780,  -16.0581,1
  347.4810,    1.2758,1
  347.4172,   18.6499,1
  346.4847,   36.0207,1
  344.6837,   53.3450,1
  342.0164,   70.5791,1
  338.4875,   87.6800,1
  334.1035,  104.6043,1
  328.8732,  121.3095,1
  322.8077,  137.7532,1
  315.9201,  153.8936,1
  308.2254,  169.6896,1
  299.7409,  185.1008,1
  290.4859,  200.0879,1
  280.4815,  214.6122,1
  269.7509,  228.6362,1
  258.3191,  242.1238,1
  246.2129,  255.0397,1
  233.4609,  267.3504,1
  220.0934,  279.0234,1
  206.1422,  290.0281,1
  191.6408,  300.3352,1
  176.6240,  309.9172,1
  161.1282,  318.7484,1
  145.1908,  326.8048,1
  128.8505,  334.0644,1
  112.1473,  340.5069,1
   95.1219,  346.1143,1
   77.8162,  350.8704,1
   60.2727,  354.7612,1
   42.5347,  357.7748,1
   24.6459,  359.9016,1
    6.6508,  361.1339,1
  -11.4059,  361.4664,1
  -29.4792,  360.8961,0
  -47.5240,  359.4222,0
  -65.4951,  357.0460,0
  -83.3474,  353.7712,0
 -101.0360,  349.6039,0
 -118.5162,  344.5521,0
 -135.7438,  338.6263,0
 -152.6751,  331.8391,0
 -169.2670,  324.2053,0
 -185.4773,  315.7420,0
 -201.2644,  306.4681,0
 -216.5878,  296.4049,0
 -231.4081,  285.5755,0
 -245.6868,  274.0051,0
 -259.3871,  261.7208,0
 -272.4731,  248.7514,0
 -284.9107,  235.1277,0
 -296.6671,  220.8822,0
 -307.7112,  206.0489,0
 -318.0136,  190.6633,0
 -327.5468,  174.7626,0
 -336.2849,  158.3853,0
 -344.2041,  141.5710,0
 -351.2827,  124.3608,0
 -357.5007,  106.7967,0
 -362.8406,   88.9217,0
 -367.2867,   70.7796,0
 -370.8256,   52.4153,0
 -373.4464,   33.8740,0
 -375.1401,   15.2017,0
 -375.9001,   -3.5553,0
 -375.7224,  -22.3503,0
 -374.6049,  -41.1364,0
 -372.5480,  -59.8667,0
 -369.5547,  -78.4941,0
 -365.6300,  -96.9718,0
 -360.7814, -115.2533,0
 -355.0187, -133.2924,0
 -348.3541, -151.0433,0
 -340.8019, -168.4610,0
 -332.3789, -185.5011,0
 -323.1038, -202.1201,0
 -312.9978, -218.2753,0
 -302.0840, -233.9251,0
 -290.3878, -249.0293,0
 -277.9363, -263.5487,0
 -264.7589, -277.4456,0
 -250.8866, -290.6835,0
 -236.3524, -303.2278,0
 -221.1910, -315.0455,0
 -205.4388, -326.1050,0
 -189.1335, -336.3770,0
 -172.3147, -345.8336,0
 -155.0230, -354.4493,0
 -137.3005, -362.2005,0
 -119.1905, -369.0655,0
 -100.7372, -375.0251,0
  -81.9859, -380.0619,0
  -62.9828, -384.1612,0
  -43.7748, -387.3104,0
  -24.4093, -389.4991,0
   -4.9343, -390.7196,0
   14.6017, -390.9663,0
   34.1500, -390.2362,1
   53.6618, -388.5287,1
   73.0882, -385.8456,1
   92.3805, -382.1912,1
  111.4901, -377.5722,1
  130.3687, -371.9977,1
  148.9686, -365.4793,1
  167.2426, -358.0309,1
  185.1441, -349.6687,1
  202.6275, -340.4115,1
  219.6481, -330.2802,1
  236.1621, -319.2978,1
  252.1270, -307.4897,1
  267.5015, -294.8833,1
  282.2457, -281.5082,1
  296.3211, -267.3960,1
  309.6909, -252.5799,1
  322.3199, -237.0954,1
  334.1747, -220.9794,1
  345.2236, -204.2706,1
  355.4372, -187.0094,1
  364.7876, -169.2376,1
  373.2495, -150.9982,1
  380.7994, -132.3357,1
  387.4162, -113.2958,1
  393.0810,  -93.9249,1
  397.7773,  -74.2709,1
  401.4908,  -54.3820,1
  404.2099,  -34.3075,1
  405.9253,  -14.0970,1
  406.6301,    6.1993,1
  406.3202,   26.5308,1
  404.9936,   46.8468,1
  402.6513,   67.0965,1
