   9.85000,  15.10000
   9.69900,  15.19850
   9.54702,  15.29549
   9.39406,  15.39096
   9.24015,  15.48490
   9.08530,  15.57730
   8.92953,  15.66816
   8.77285,  15.75745
   8.61527,  15.84518
   8.45682,  15.93133
   8.29751,  16.01590
   8.13735,  16.09888
   7.97636,  16.18025
   7.81456,  16.26001
   7.65196,  16.33816
   7.48857,  16.41468
   7.32443,  16.48956
   7.15953,  16.56281
   6.99390,  16.63441
   6.82756,  16.70434
   6.66052,  16.77262
   6.49279,  16.83922
   6.32440,  16.90415
   6.15536,  16.96740
   5.98568,  17.02895
   5.81539,  17.08881
   5.64451,  17.14696
   5.47304,  17.20340
   5.30100,  17.25813
   5.12842,  17.31114
   4.95531,  17.36243
   4.78168,  17.41198
   4.60756,  17.45980
   4.43297,  17.50587
   4.25791,  17.55021
   4.08241,  17.59278
   3.90648,  17.63361
   3.73014,  17.67267
   3.55342,  17.70998
   3.37632,  17.74551
   3.19886,  17.77927
   3.02107,  17.81126
   2.84296,  17.84147
   2.66454,  17.86990
   2.48584,  17.89655
   2.30688,  17.92141
   2.12766,  17.94448
   1.94822,  17.96575
   1.76856,  17.98523
   1.58871,  18.00292
   1.40868,  18.01880
   1.22849,  18.03289
   1.04816,  18.04518
   0.86771,  18.05566
   0.68715,  18.06433
   0.50651,  18.07121
   0.32580,  18.07627
   0.14503,  18.07953
  -0.03576,  18.08098
  -0.21657,  18.08062
  -0.39738,  18.07846
  -0.57816,  18.07449
  -0.75891,  18.06870
  -0.93959,  18.06112
  -1.12020,  18.05172
  -1.30072,  18.04052
  -1.48113,  18.02751
  -1.66140,  18.01270
  -1.84153,  17.99608
  -2.02149,  17.97767
  -2.20127,  17.95745
  -2.38084,  17.93544
  -2.56019,  17.91163
  -2.73931,  17.88603
  -2.91817,  17.85864
  -3.09676,  17.82946
  -3.27505,  17.79849
  -3.45304,  17.76574
  -3.63070,  17.73121
  -3.80801,  17.69490
  -3.98496,  17.65682
  -4.16152,  17.61697
  -4.33769,  17.57536
  -4.51345,  17.53198
  -4.68877,  17.48685
  -4.86364,  17.43996
  -5.03804,  17.39132
  -5.21195,  17.34094
  -5.38536,  17.28882
  -5.55825,  17.23497
  -5.73060,  17.17938
  -5.90239,  17.12208
  -6.07361,  17.06305
  -6.24424,  17.00232
  -6.41426,  16.93987
  -6.58366,  16.87573
  -6.75242,  16.80990
  -6.92052,  16.74237
  -7.08794,  16.67317
  -7.25467,  16.60229
  -7.42070,  16.52974
  -7.58599,  16.45554
  -7.75055,  16.37968
  -7.91435,  16.30217
  -8.07737,  16.22303
  -8.23960,  16.14225
  -8.40102,  16.05986
  -8.56162,  15.97585
  -8.72138,  15.89023
  -8.88028,  15.80302
  -9.03831,  15.71422
  -9.19545,  15.62383
  -9.35169,  15.53188
  -9.50701,  15.43836
  -9.66140,  15.34329
  -9.81483,  15.24668
  -9.96729,  15.14853
 -10.11878,  15.04886
 -10.26927,  14.94767
 -10.41875,  14.84498
 -10.56720,  14.74079
 -10.71460,  14.63512
 -10.86095,  14.52797
 -11.00623,  14.41936
 -11.15043,  14.30930
 -11.29352,  14.19779
 -11.43550,  14.08486
 -11.57635,  13.97050
 -11.71605,  13.85474
 -11.85460,  13.73758
 -11.99197,  13.61903
 -12.12817,  13.49911
 -12.26316,  13.37783
 -12.39693,  13.25520
 -12.52949,  13.13123
 -12.66080,  13.00594
 -12.79086,  12.87933
 -12.91965,  12.75142
 -13.04717,  12.62222
 -13.17339,  12.49175
 -13.29831,  12.36002
 -13.42191,  12.22704
 -13.54418,  12.09282
 -13.66510,  11.95737
 -13.78468,  11.82072
 -13.90289,  11.68288
 -14.01971,  11.54385
 -14.13515,  11.40365
 -14.24919,  11.26230
 -14.36181,  11.11981
 -14.47301,  10.97619
 -14.58277,  10.83146
 -14.69109,  10.68563
 -14.79794,  10.53872
 -14.90333,  10.39074
 -15.00724,  10.24171
 -15.10966,  10.09163
 -15.21057,   9.94054
 -15.30998,   9.78843
 -15.40786,   9.63533
 -15.50421,   9.48125
 -15.59903,   9.32621
 -15.69229,   9.17022
 -15.78399,   9.01330
 -15.87412,   8.85546
 -15.96268,   8.69672
 -16.04964,   8.53709
 -16.13502,   8.37659
 -16.21878,   8.21524
 -16.30093,   8.05306
 -16.38146,   7.89005
 -16.46037,   7.72623
 -16.53763,   7.56163
 -16.61325,   7.39625
 -16.68721,   7.23012
 -16.75951,   7.06325
 -16.83014,   6.89565
 -16.89910,   6.72735
 -16.96637,   6.55836
 -17.03196,   6.38870
 -17.09584,   6.21838
 -17.15803,   6.04742
 -17.21850,   5.87584
 -17.27726,   5.70365
 -17.33430,   5.53088
 -17.38961,   5.35754
 -17.44318,   5.18364
 -17.49502,   5.00921
 -17.54511,   4.83426
 -17.59345,   4.65881
 -17.64004,   4.48287
 -17.68487,   4.30647
 -17.72793,   4.12963
 -17.76923,   3.95235
 -17.80875,   3.77465
 -17.84650,   3.59657
 -17.88247,   3.41810
 -17.91665,   3.23928
 -17.94904,   3.06011
 -17.97964,   2.88062
 -18.00845,   2.70082
 -18.03546,   2.52074
 -18.06066,   2.34038
 -18.08407,   2.15978
 -18.10566,   1.97894
 -18.12545,   1.79788
 -18.14343,   1.61663
 -18.15960,   1.43519
 -18.17395,   1.25360
 -18.18649,   1.07186
 -18.19720,   0.88999
 -18.20610,   0.70802
 -18.21318,   0.52596
 -18.21844,   0.34383
 -18.22188,   0.16164
 -18.22350,  -0.02058
 -18.22329,  -0.20281
 -18.22127,  -0.38504
 -18.21741,  -0.56726
 -18.21174,  -0.74943
 -18.20425,  -0.93155
 -18.19493,  -1.11359
 -18.18380,  -1.29554
 -18.17084,  -1.47738
 -18.15607,  -1.65909
 -18.13948,  -1.84065
 -18.12107,  -2.02204
 -18.10085,  -2.20325
 -18.07882,  -2.38426
 -18.05498,  -2.56505
 -18.02933,  -2.74560
 -18.00187,  -2.92589
 -17.97261,  -3.10591
 -17.94156,  -3.28564
 -17.90870,  -3.46505
 -17.87405,  -3.64414
 -17.83761,  -3.82288
 -17.79938,  -4.00126
 -17.75937,  -4.17925
 -17.71757,  -4.35684
 -17.67401,  -4.53402
 -17.62867,  -4.71076
 -17.58156,  -4.88705
 -17.53269,  -5.06286
 -17.48206,  -5.23819
 -17.42968,  -5.41301
 -17.37555,  -5.58731
 -17.31967,  -5.76106
 -17.26206,  -5.93426
 -17.20272,  -6.10688
 -17.14165,  -6.27891
 -17.07886,  -6.45032
 -17.01436,  -6.62111
 -16.94814,  -6.79125
 -16.88023,  -6.96074
 -16.81063,  -7.12954
 -16.73933,  -7.29764
 -16.66635,  -7.46504
 -16.59170,  -7.63170
 -16.51539,  -7.79762
 -16.43741,  -7.96277
 -16.35778,  -8.12715
 -16.27651,  -8.29072
 -16.19360,  -8.45349
 -16.10907,  -8.61543
 -16.02291,  -8.77652
 -15.93515,  -8.93675
 -15.84578,  -9.09610
 -15.75482,  -9.25455
 -15.66227,  -9.41210
 -15.56815,  -9.56873
 -15.47247,  -9.72441
 -15.37522,  -9.87913
 -15.27643, -10.03288
 -15.17610, -10.18565
 -15.07425, -10.33741
 -14.97087, -10.48815
 -14.86599, -10.63786
 -14.75961, -10.78652
 -14.65175, -10.93412
 -14.54241, -11.08064
 -14.43160, -11.22606
 -14.31934, -11.37037
 -14.20563, -11.51357
 -14.09050, -11.65562
 -13.97394, -11.79653
 -13.85598, -11.93627
 -13.73661, -12.07483
 -13.61586, -12.21219
 -13.49374, -12.34835
 -13.37026, -12.48329
 -13.24543, -12.61699
 -13.11926, -12.74945
 -12.99176, -12.88064
 -12.86296, -13.01056
 -12.73285, -13.13919
 -12.60146, -13.26651
 -12.46879, -13.39253
 -12.33487, -13.51722
 -12.19970, -13.64057
 -12.06329, -13.76256
 -11.92566, -13.88320
 -11.78683, -14.00245
 -11.64681, -14.12032
 -11.50560, -14.23679
 -11.36324, -14.35185
 -11.21972, -14.46548
 -11.07506, -14.57767
 -10.92929, -14.68843
 -10.78240, -14.79772
 -10.63443, -14.90554
 -10.48537, -15.01189
 -10.33525, -15.11674
 -10.18408, -15.22009
 -10.03188, -15.32193
  -9.87866, -15.42225
  -9.72444, -15.52104
  -9.56923, -15.61828
  -9.41305, -15.71398
  -9.25591, -15.80811
  -9.09783, -15.90067
  -8.93882, -15.99164
  -8.77890, -16.08103
  -8.61809, -16.16882
  -8.45640, -16.25500
  -8.29385, -16.33957
  -8.13046, -16.42251
  -7.96623, -16.50381
  -7.80120, -16.58347
  -7.63536, -16.66149
  -7.46875, -16.73784
  -7.30137, -16.81253
  -7.13324, -16.88554
  -6.96439, -16.95687
  -6.79482, -17.02652
  -6.62455, -17.09446
  -6.45361, -17.16071
  -6.28200, -17.22524
  -6.10975, -17.28806
  -5.93687, -17.34916
  -5.76338, -17.40853
  -5.58929, -17.46617
  -5.41463, -17.52206
  -5.23941, -17.57620
  -5.06365, -17.62860
  -4.88736, -17.67924
  -4.71057, -17.72811
  -4.53329, -17.77522
  -4.35554, -17.82055
  -4.17733, -17.86410
  -3.99869, -17.90588
  -3.81963, -17.94586
  -3.64017, -17.98406
  -3.46033, -18.02046
  -3.28013, -18.05507
  -3.09958, -18.08787
  -2.91870, -18.11886
  -2.73751, -18.14805
  -2.55603, -18.17542
  -2.37427, -18.20098
  -2.19227, -18.22473
  -2.01002, -18.24665
  -1.82755, -18.26675
  -1.64488, -18.28502
  -1.46203, -18.30147
  -1.27902, -18.31609
  -1.09586, -18.32888
  -0.91257, -18.33984
  -0.72917, -18.34897
  -0.54568, -18.35626
  -0.36212, -18.36172
  -0.17850, -18.36534
   0.00515, -18.36712
   0.18882, -18.36707
   0.37249, -18.36518
   0.55615, -18.36146
   0.73976, -18.35590
   0.92332, -18.34850
   1.10680, -18.33927
   1.29020, -18.32820
   1.47348, -18.31530
   1.65663, -18.30056
   1.83964, -18.28399
   2.02248, -18.26560
   2.20513, -18.24537
   2.38759, -18.22332
   2.56982, -18.19945
   2.75181, -18.17375
   2.93355, -18.14623
   3.11501, -18.11690
   3.29618, -18.08574
   3.47704, -18.05278
   3.65757, -18.01801
   3.83775, -17.98144
   4.01756, -17.94306
   4.19699, -17.90288
   4.37602, -17.86091
   4.55463, -17.81715
   4.73280, -17.77161
   4.91052, -17.72428
   5.08776, -17.67517
   5.26451, -17.62430
   5.44076, -17.57165
   5.61647, -17.51724
   5.79165, -17.46108
   5.96626, -17.40316
   6.14029, -17.34350
   6.31372, -17.28210
   6.48654, -17.21896
   6.65873, -17.15410
   6.83028, -17.08751
   7.00115, -17.01921
   7.17134, -16.94920
   7.34083, -16.87748
   7.50961, -16.80408
   7.67765, -16.72898
   7.84494, -16.65220
   8.01146, -16.57375
   8.17720, -16.49364
   8.34213, -16.41187
   8.50625, -16.32845
   8.66954, -16.24338
   8.83197, -16.15669
   8.99354, -16.06837
   9.15422, -15.97843
   9.31401, -15.88689
   9.47287, -15.79375
   9.63081, -15.69902
   9.78780, -15.60272
   9.94383, -15.50484
  10.09888, -15.40540
  10.25293, -15.30441
  10.40597, -15.20188
  10.55799, -15.09782
  10.70897, -14.99224
  10.85889, -14.88515
  11.00774, -14.77656
  11.15551, -14.66648
  11.30217, -14.55493
  11.44772, -14.44191
  11.59214, -14.32743
  11.73542, -14.21151
  11.87753, -14.09415
  12.01847, -13.97538
  12.15823, -13.85519
  12.29678, -13.73361
  12.43411, -13.61064
  12.57022, -13.48630
  12.70508, -13.36060
  12.83869, -13.23355
  12.97102, -13.10516
  13.10208, -12.97545
  13.23183, -12.84443
  13.36028, -12.71211
  13.48740, -12.57851
  13.61318, -12.44364
  13.73762, -12.30750
  13.86069, -12.17013
  13.98239, -12.03152
  14.10271, -11.89170
  14.22163, -11.75067
  14.33913, -11.60845
  14.45522, -11.46506
  14.56987, -11.32051
  14.68307, -11.17481
  14.79482, -11.02798
  14.90510, -10.88003
  15.01390, -10.73098
  15.12121, -10.58084
  15.22702, -10.42963
  15.33132, -10.27736
  15.43409, -10.12405
  15.53533,  -9.96971
  15.63503,  -9.81435
  15.73317,  -9.65800
  15.82975,  -9.50067
  15.92476,  -9.34237
  16.01818,  -9.18313
  16.11001,  -9.02295
  16.20024,  -8.86185
  16.28886,  -8.69984
  16.37586,  -8.53695
  16.46123,  -8.37320
  16.54496,  -8.20858
  16.62705,  -8.04313
  16.70748,  -7.87686
  16.78625,  -7.70979
  16.86334,  -7.54193
  16.93876,  -7.37329
  17.01249,  -7.20391
  17.08453,  -7.03378
  17.15487,  -6.86294
  17.22350,  -6.69139
  17.29041,  -6.51915
  17.35560,  -6.34625
  17.41907,  -6.17269
  17.48079,  -5.99850
  17.54078,  -5.82369
  17.59902,  -5.64829
  17.65550,  -5.47230
  17.71022,  -5.29574
  17.76318,  -5.11864
  17.81437,  -4.94101
  17.86378,  -4.76286
  17.91140,  -4.58422
  17.95725,  -4.40511
  18.00130,  -4.22554
  18.04355,  -4.04553
  18.08401,  -3.86509
  18.12266,  -3.68425
  18.15950,  -3.50302
  18.19453,  -3.32143
  18.22775,  -3.13948
  18.25914,  -2.95721
  18.28871,  -2.77461
  18.31646,  -2.59173
  18.34237,  -2.40856
  18.36646,  -2.22514
  18.38871,  -2.04147
  18.40913,  -1.85759
  18.42770,  -1.67350
  18.44444,  -1.48922
  18.45933,  -1.30477
  18.47238,  -1.12018
  18.48358,  -0.93546
  18.49293,  -0.75062
  18.50044,  -0.56569
  18.50610,  -0.38069
  18.50990,  -0.19563
  18.51186,  -0.01053
  18.51196,   0.17459
  18.51022,   0.35971
  18.50662,   0.54481
  18.50117,   0.72988
  18.49388,   0.91489
  18.48473,   1.09983
  18.47373,   1.28468
  18.46088,   1.46941
  18.44619,   1.65402
  18.42965,   1.83848
  18.41126,   2.02278
  18.39104,   2.20689
  18.36897,   2.39080
  18.34506,   2.57449
  18.31931,   2.75794
  18.29173,   2.94114
  18.26232,   3.12406
  18.23108,   3.30668
  18.19801,   3.48899
  18.16312,   3.67097
  18.12642,   3.85260
  18.08789,   4.03386
  18.04755,   4.21474
  18.00540,   4.39522
  17.96145,   4.57527
  17.91570,   4.75489
  17.86815,   4.93404
  17.81881,   5.11273
  17.76768,   5.29091
  17.71477,   5.46859
  17.66009,   5.64574
  17.60363,   5.82234
  17.54540,   5.99838
  17.48542,   6.17383
  17.42368,   6.34868
  17.36020,   6.52292
  17.29497,   6.69652
  17.22800,   6.86947
  17.15931,   7.04175
  17.08889,   7.21335
  17.01675,   7.38423
  16.94291,   7.55440
  16.86737,   7.72383
  16.79013,   7.89251
  16.71120,   8.06041
  16.63060,   8.22752
  16.54832,   8.39382
  16.46439,   8.55931
  16.37879,   8.72395
  16.29155,   8.88774
  16.20268,   9.05066
  16.11217,   9.21268
  16.02004,   9.37380
  15.92631,   9.53400
  15.83097,   9.69327
  15.73403,   9.85158
  15.63552,  10.00892
  15.53543,  10.16527
  15.43378,  10.32063
  15.33057,  10.47496
  15.22582,  10.62827
  15.11954,  10.78053
  15.01173,  10.93172
  14.90242,  11.08184
  14.79160,  11.23086
  14.67929,  11.37878
  14.56550,  11.52557
  14.45025,  11.67123
  14.33353,  11.81573
  14.21538,  11.95906
  14.09579,  12.10122
  13.97477,  12.24218
  13.85235,  12.38192
  13.72853,  12.52045
  13.60333,  12.65773
  13.47675,  12.79377
  13.34881,  12.92853
  13.21953,  13.06202
  13.08891,  13.19422
  12.95697,  13.32510
  12.82372,  13.45467
  12.68917,  13.58291
  12.55334,  13.70980
  12.41624,  13.83534
  12.27789,  13.95950
  12.13829,  14.08228
  11.99747,  14.20366
  11.85543,  14.32364
  11.71220,  14.44219
  11.56778,  14.55931
  11.42218,  14.67499
  11.27543,  14.78921
  11.12754,  14.90197
  10.97852,  15.01324
  10.82839,  15.12303
  10.67716,  15.23131
  10.52485,  15.33808
  10.37147,  15.44333
  10.21703,  15.54705
  10.06156,  15.64922
   9.90507,  15.74983
   9.74757,  15.84888
   9.58908,  15.94636
   9.42962,  16.04225
   9.26920,  16.13654
   9.10783,  16.22923
   8.94554,  16.32031
   8.78234,  16.40977
   8.61824,  16.49759
   8.45326,  16.58377
   8.28743,  16.66830
   8.12074,  16.75118
   7.95323,  16.83239
   7.78491,  16.91192
   7.61579,  16.98977
   7.44589,  17.06593
   7.27523,  17.14038
   7.10383,  17.21314
   6.93169,  17.28418
   6.75885,  17.35349
   6.58532,  17.42108
   6.41111,  17.48693
   6.23624,  17.55105
   6.06073,  17.61341
   5.88459,  17.67402
   5.70785,  17.73286
   5.53052,  17.78994
   5.35262,  17.84525
   5.17417,  17.89877
   4.99518,  17.95052
   4.81568,  18.00047
   4.63567,  18.04862
   4.45519,  18.09498
   4.27424,  18.13953
   4.09284,  18.18227
   3.91102,  18.22320
   3.72879,  18.26231
   3.54617,  18.29960
   3.36317,  18.33506
   3.17982,  18.36869
   2.99613,  18.40049
   2.81213,  18.43045
   2.62782,  18.45857
   2.44324,  18.48485
   2.25839,  18.50928
   2.07330,  18.53187
   1.88798,  18.55260
   1.70245,  18.57148
   1.51674,  18.58850
   1.33085,  18.60367
   1.14481,  18.61698
   0.95864,  18.62843
   0.77236,  18.63801
   0.58598,  18.64574
   0.39952,  18.65160
   0.21301,  18.65559
   0.02645,  18.65772
  -0.16013,  18.65799
  -0.34671,  18.65639
  -0.53327,  18.65292
  -0.71980,  18.64758
  -0.90628,  18.64039
  -1.09268,  18.63132
  -1.27899,  18.62040
  -1.46520,  18.60761
  -1.65127,  18.59295
  -1.83720,  18.57644
  -2.02297,  18.55807
  -2.20855,  18.53784
  -2.39393,  18.51576
  -2.57908,  18.49182
  -2.76400,  18.46603
  -2.94866,  18.43839
  -3.13305,  18.40890
  -3.31713,  18.37757
  -3.50091,  18.34440
  -3.68435,  18.30939
  -3.86745,  18.27255
  -4.05017,  18.23387
  -4.23251,  18.19337
  -4.41445,  18.15104
  -4.59596,  18.10690
  -4.77703,  18.06094
  -4.95763,  18.01317
  -5.13777,  17.96359
  -5.31740,  17.91222
  -5.49652,  17.85904
  -5.67511,  17.80408
  -5.85316,  17.74732
  -6.03063,  17.68879
  -6.20752,  17.62849
  -6.38380,  17.56641
  -6.55946,  17.50257
  -6.73449,  17.43698
  -6.90886,  17.36964
  -7.08256,  17.30055
  -7.25556,  17.22972
  -7.42786,  17.15717
  -7.59943,  17.08289
  -7.77026,  17.00690
  -7.94033,  16.92919
  -8.10962,  16.84979
  -8.27812,  16.76869
  -8.44581,  16.68591
  -8.61266,  16.60145
  -8.77868,  16.51533
  -8.94383,  16.42754
  -9.10811,  16.33810
  -9.27149,  16.24702
  -9.43396,  16.15431
  -9.59550,  16.05997
  -9.75610,  15.96401
  -9.91574,  15.86645
 -10.07441,  15.76729
 -10.23208,  15.66655
 -10.38874,  15.56423
 -10.54439,  15.46034
 -10.69899,  15.35490
 -10.85254,  15.24791
 -11.00502,  15.13938
 -11.15641,  15.02933
 -11.30671,  14.91777
 -11.45588,  14.80470
 -11.60393,  14.69014
 -11.75083,  14.57410
 -11.89657,  14.45660
 -12.04114,  14.33763
 -12.18451,  14.21722
 -12.32669,  14.09537
 -12.46764,  13.97211
 -12.60736,  13.84743
 -12.74584,  13.72136
 -12.88305,  13.59390
 -13.01899,  13.46507
 -13.15364,  13.33488
 -13.28699,  13.20334
 -13.41902,  13.07047
 -13.54973,  12.93628
 -13.67909,  12.80078
 -13.80710,  12.66399
 -13.93374,  12.52592
 -14.05900,  12.38658
 -14.18286,  12.24599
 -14.30532,  12.10416
 -14.42636,  11.96111
 -14.54597,  11.81685
 -14.66414,  11.67139
 -14.78086,  11.52475
 -14.89610,  11.37694
 -15.00987,  11.22798
 -15.12215,  11.07788
 -15.23293,  10.92666
 -15.34220,  10.77433
 -15.44994,  10.62090
 -15.55615,  10.46640
 -15.66082,  10.31084
 -15.76392,  10.15423
 -15.86547,   9.99660
 -15.96543,   9.83794
 -16.06381,   9.67829
 -16.16059,   9.51765
 -16.25577,   9.35604
 -16.34933,   9.19349
 -16.44127,   9.02999
 -16.53157,   8.86558
 -16.62022,   8.70026
 -16.70722,   8.53406
 -16.79256,   8.36699
 -16.87623,   8.19906
 -16.95823,   8.03030
 -17.03853,   7.86072
 -17.11714,   7.69033
 -17.19404,   7.51916
 -17.26923,   7.34722
 -17.34270,   7.17453
 -17.41445,   7.00110
 -17.48446,   6.82696
 -17.55273,   6.65211
 -17.61925,   6.47659
 -17.68402,   6.30039
 -17.74702,   6.12355
 -17.80825,   5.94608
 -17.86772,   5.76800
 -17.92540,   5.58932
 -17.98129,   5.41007
 -18.03539,   5.23026
 -18.08769,   5.04990
 -18.13819,   4.86903
 -18.18688,   4.68764
 -18.23376,   4.50578
 -18.27882,   4.32344
 -18.32205,   4.14065
 -18.36346,   3.95743
 -18.40303,   3.77379
 -18.44077,   3.58976
 -18.47667,   3.40536
 -18.51072,   3.22059
 -18.54293,   3.03548
 -18.57328,   2.85005
 -18.60178,   2.66432
 -18.62843,   2.47830
 -18.65321,   2.29202
 -18.67613,   2.10549
 -18.69718,   1.91872
 -18.71637,   1.73175
 -18.73369,   1.54459
 -18.74913,   1.35725
 -18.76271,   1.16976
 -18.77440,   0.98213
 -18.78423,   0.79439
 -18.79217,   0.60655
 -18.79823,   0.41863
 -18.80242,   0.23064
 -18.80473,   0.04262
 -18.80515,  -0.14543
 -18.80370,  -0.33348
 -18.80037,  -0.52152
 -18.79515,  -0.70952
 -18.78806,  -0.89747
 -18.77908,  -1.08535
 -18.76823,  -1.27314
 -18.75550,  -1.46083
 -18.74089,  -1.64838
 -18.72441,  -1.83579
 -18.70605,  -2.02303
 -18.68582,  -2.21009
 -18.66372,  -2.39695
 -18.63975,  -2.58359
 -18.61391,  -2.76999
 -18.58621,  -2.95613
 -18.55665,  -3.14199
 -18.52523,  -3.32755
 -18.49195,  -3.51281
 -18.45683,  -3.69773
 -18.41985,  -3.88229
 -18.38103,  -4.06649
 -18.34036,  -4.25030
 -18.29786,  -4.43371
 -18.25352,  -4.61668
 -18.20735,  -4.79922
 -18.15936,  -4.98129
 -18.10955,  -5.16289
 -18.05792,  -5.34398
 -18.00448,  -5.52456
 -17.94923,  -5.70461
 -17.89219,  -5.88410
 -17.83335,  -6.06302
 -17.77271,  -6.24135
 -17.71030,  -6.41908
 -17.64611,  -6.59618
 -17.58015,  -6.77264
 -17.51242,  -6.94845
 -17.44294,  -7.12357
 -17.37170,  -7.29800
 -17.29872,  -7.47172
 -17.22400,  -7.64470
 -17.14756,  -7.81694
 -17.06939,  -7.98842
 -16.98951,  -8.15911
 -16.90792,  -8.32901
 -16.82463,  -8.49809
 -16.73965,  -8.66633
 -16.65298,  -8.83373
 -16.56464,  -9.00026
 -16.47464,  -9.16591
 -16.38298,  -9.33065
 -16.28968,  -9.49448
 -16.19473,  -9.65738
 -16.09816,  -9.81933
 -15.99997,  -9.98031
 -15.90016, -10.14031
 -15.79876, -10.29931
 -15.69577, -10.45730
 -15.59119, -10.61425
 -15.48505, -10.77017
 -15.37735, -10.92502
 -15.26810, -11.07879
 -15.15731, -11.23147
 -15.04500, -11.38305
 -14.93117, -11.53350
 -14.81583, -11.68281
 -14.69900, -11.83097
 -14.58069, -11.97796
 -14.46091, -12.12376
 -14.33968, -12.26837
 -14.21699, -12.41177
 -14.09287, -12.55394
 -13.96733, -12.69487
 -13.84039, -12.83454
 -13.71204, -12.97295
 -13.58231, -13.11007
 -13.45121, -13.24589
 -13.31875, -13.38040
 -13.18495, -13.51359
 -13.04981, -13.64544
 -12.91336, -13.77594
 -12.77560, -13.90507
 -12.63655, -14.03282
 -12.49622, -14.15919
 -12.35463, -14.28415
 -12.21179, -14.40770
 -12.06771, -14.52982
 -11.92241, -14.65049
 -11.77591, -14.76972
 -11.62821, -14.88748
 -11.47933, -15.00376
 -11.32930, -15.11855
 -11.17811, -15.23185
 -11.02579, -15.34363
 -10.87236, -15.45389
 -10.71782, -15.56261
 -10.56219, -15.66979
 -10.40549, -15.77541
 -10.24774, -15.87946
 -10.08894, -15.98194
  -9.92912, -16.08283
  -9.76830, -16.18212
  -9.60647, -16.27980
  -9.44368, -16.37587
  -9.27992, -16.47031
  -9.11521, -16.56310
  -8.94958, -16.65426
  -8.78304, -16.74375
  -8.61560, -16.83158
  -8.44729, -16.91774
  -8.27811, -17.00221
  -8.10809, -17.08499
  -7.93724, -17.16607
  -7.76558, -17.24545
  -7.59312, -17.32310
  -7.41989, -17.39903
  -7.24590, -17.47323
  -7.07117, -17.54569
  -6.89571, -17.61640
  -6.71955, -17.68536
  -6.54269, -17.75256
  -6.36517, -17.81798
  -6.18699, -17.88164
  -6.00817, -17.94351
  -5.82874, -18.00359
  -5.64870, -18.06187
  -5.46808, -18.11836
  -5.28690, -18.17304
  -5.10517, -18.22591
  -4.92291, -18.27696
  -4.74014, -18.32619
  -4.55688, -18.37359
  -4.37314, -18.41916
  -4.18895, -18.46289
  -4.00432, -18.50478
  -3.81927, -18.54483
  -3.63383, -18.58302
  -3.44799, -18.61936
  -3.26180, -18.65384
  -3.07526, -18.68645
  -2.88840, -18.71721
  -2.70123, -18.74609
  -2.51377, -18.77310
  -2.32603, -18.79824
  -2.13805, -18.82150
  -1.94984, -18.84288
  -1.76141, -18.86238
  -1.57278, -18.88000
  -1.38398, -18.89572
  -1.19503, -18.90956
  -1.00593, -18.92151
  -0.81672, -18.93157
  -0.62740, -18.93974
  -0.43800, -18.94601
  -0.24854, -18.95039
  -0.05904, -18.95288
   0.13049, -18.95347
   0.32002, -18.95216
   0.50955, -18.94896
   0.69904, -18.94387
   0.88847, -18.93688
   1.07784, -18.92799
   1.26712, -18.91722
   1.45630, -18.90454
   1.64534, -18.88998
   1.83424, -18.87353
   2.02298, -18.85519
   2.21153, -18.83496
   2.39988, -18.81284
   2.58801, -18.78884
   2.77589, -18.76296
   2.96352, -18.73520
   3.15088, -18.70557
   3.33793, -18.67406
   3.52467, -18.64068
   3.71108, -18.60543
   3.89713, -18.56832
   4.08282, -18.52935
   4.26811, -18.48852
   4.45299, -18.44584
   4.63745, -18.40131
   4.82147, -18.35494
   5.00501, -18.30672
   5.18808, -18.25667
   5.37065, -18.20479
   5.55270, -18.15108
   5.73421, -18.09556
   5.91516, -18.03822
   6.09555, -17.97906
   6.27534, -17.91811
   6.45452, -17.85536
   6.63307, -17.79081
   6.81098, -17.72448
   6.98822, -17.65637
   7.16479, -17.58649
   7.34065, -17.51484
   7.51580, -17.44144
   7.69021, -17.36628
   7.86388, -17.28938
   8.03677, -17.21074
   8.20888, -17.13037
   8.38018, -17.04828
   8.55066, -16.96448
   8.72031, -16.87897
   8.88910, -16.79177
   9.05702, -16.70288
   9.22404, -16.61231
   9.39017, -16.52007
   9.55537, -16.42617
   9.71963, -16.33061
   9.88294, -16.23342
  10.04527, -16.13459
  10.20662, -16.03413
  10.36696, -15.93207
  10.52628, -15.82840
  10.68456, -15.72314
  10.84179, -15.61629
  10.99796, -15.50787
  11.15304, -15.39789
  11.30702, -15.28636
  11.45988, -15.17329
  11.61161, -15.05869
  11.76220, -14.94258
  11.91162, -14.82495
  12.05987, -14.70584
  12.20693, -14.58524
  12.35279, -14.46317
  12.49742, -14.33964
  12.64081, -14.21467
  12.78296, -14.08826
  12.92384, -13.96043
  13.06345, -13.83119
  13.20176, -13.70056
  13.33877, -13.56854
  13.47445, -13.43515
  13.60880, -13.30041
  13.74181, -13.16432
  13.87345, -13.02690
  14.00372, -12.88817
  14.13260, -12.74813
  14.26008, -12.60680
  14.38615, -12.46420
  14.51079, -12.32034
  14.63400, -12.17523
  14.75575, -12.02889
  14.87604, -11.88134
  14.99485, -11.73257
  15.11218, -11.58263
  15.22800, -11.43150
  15.34232, -11.27922
  15.45511, -11.12580
  15.56637, -10.97125
  15.67608, -10.81559
  15.78424, -10.65882
  15.89082, -10.50098
  15.99583, -10.34207
  16.09925, -10.18212
  16.20108, -10.02112
  16.30129,  -9.85911
  16.39988,  -9.69610
  16.49684,  -9.53210
  16.59216,  -9.36713
  16.68583,  -9.20121
  16.77785,  -9.03435
  16.86819,  -8.86658
  16.95685,  -8.69789
  17.04383,  -8.52832
  17.12912,  -8.35789
  17.21269,  -8.18659
  17.29456,  -8.01447
  17.37470,  -7.84152
  17.45312,  -7.66777
  17.52980,  -7.49324
  17.60473,  -7.31795
  17.67791,  -7.14190
  17.74933,  -6.96512
  17.81898,  -6.78763
  17.88685,  -6.60944
  17.95295,  -6.43057
  18.01725,  -6.25104
  18.07976,  -6.07087
  18.14047,  -5.89007
  18.19937,  -5.70866
  18.25646,  -5.52667
  18.31173,  -5.34410
  18.36517,  -5.16099
  18.41678,  -4.97734
  18.46655,  -4.79317
  18.51448,  -4.60850
  18.56057,  -4.42336
  18.60480,  -4.23775
  18.64718,  -4.05170
  18.68770,  -3.86523
  18.72635,  -3.67836
  18.76313,  -3.49109
  18.79804,  -3.30346
  18.83108,  -3.11548
  18.86223,  -2.92717
  18.89151,  -2.73855
  18.91889,  -2.54963
  18.94439,  -2.36044
  18.96799,  -2.17100
  18.98970,  -1.98132
  19.00952,  -1.79142
  19.02743,  -1.60133
  19.04344,  -1.41105
  19.05755,  -1.22062
  19.06976,  -1.03004
  19.08006,  -0.83935
  19.08846,  -0.64854
  19.09494,  -0.45766
  19.09952,  -0.26671
  19.10218,  -0.07572
  19.10294,   0.11531
  19.10179,   0.30634
  19.09872,   0.49735
  19.09375,   0.68834
  19.08686,   0.87928
  19.07807,   1.07015
  19.06737,   1.26093
  19.05476,   1.45160
  19.04024,   1.64215
  19.02382,   1.83255
  19.00550,   2.02279
  18.98527,   2.21284
  18.96314,   2.40270
  18.93911,   2.59233
  18.91319,   2.78172
  18.88537,   2.97085
  18.85566,   3.15971
  18.82407,   3.34826
  18.79058,   3.53650
  18.75522,   3.72441
  18.71797,   3.91196
  18.67885,   4.09914
  18.63786,   4.28593
  18.59500,   4.47231
  18.55028,   4.65826
  18.50370,   4.84376
  18.45526,   5.02880
  18.40497,   5.21335
  18.35284,   5.39740
  18.29886,   5.58093
  18.24306,   5.76392
  18.18542,   5.94635
  18.12595,   6.12820
  18.06467,   6.30946
  18.00158,   6.49011
  17.93667,   6.67012
  17.86997,   6.84949
  17.80148,   7.02819
  17.73120,   7.20620
  17.65913,   7.38352
  17.58530,   7.56011
  17.50970,   7.73596
  17.43234,   7.91106
  17.35323,   8.08538
  17.27237,   8.25891
  17.18978,   8.43164
  17.10547,   8.60354
  17.01943,   8.77459
  16.93169,   8.94479
  16.84224,   9.11410
  16.75110,   9.28253
  16.65827,   9.45004
  16.56377,   9.61662
  16.46761,   9.78226
  16.36979,   9.94693
  16.27032,  10.11063
  16.16921,  10.27333
  16.06647,  10.43503
  15.96212,  10.59569
  15.85617,  10.75531
  15.74861,  10.91387
  15.63948,  11.07136
  15.52876,  11.22775
  15.41648,  11.38304
  15.30265,  11.53721
  15.18728,  11.69023
  15.07038,  11.84211
  14.95196,  11.99281
  14.83203,  12.14233
  14.71061,  12.29065
  14.58770,  12.43776
  14.46332,  12.58363
  14.33749,  12.72827
  14.21020,  12.87164
  14.08149,  13.01374
  13.95135,  13.15456
  13.81980,  13.29407
  13.68686,  13.43227
  13.55254,  13.56914
  13.41685,  13.70466
  13.27980,  13.83883
  13.14141,  13.97163
  13.00170,  14.10304
  12.86067,  14.23306
  12.71834,  14.36167
  12.57472,  14.48885
  12.42983,  14.61460
  12.28368,  14.73890
  12.13630,  14.86173
  11.98768,  14.98310
  11.83785,  15.10297
  11.68682,  15.22135
  11.53460,  15.33822
  11.38122,  15.45357
  11.22669,  15.56738
  11.07101,  15.67964
  10.91422,  15.79035
  10.75631,  15.89950
  10.59732,  16.00706
  10.43725,  16.11303
  10.27612,  16.21741
  10.11394,  16.32017
   9.95074,  16.42130
   9.78653,  16.52081
   9.62132,  16.61868
   9.45513,  16.71489
   9.28799,  16.80944
   9.11989,  16.90232
   8.95087,  16.99352
   8.78093,  17.08303
   8.61010,  17.17084
   8.43839,  17.25694
   8.26582,  17.34132
   8.09241,  17.42398
   7.91817,  17.50491
   7.74312,  17.58409
   7.56728,  17.66152
   7.39067,  17.73719
   7.21329,  17.81110
   7.03518,  17.88323
   6.85635,  17.95358
   6.67682,  18.02214
   6.49659,  18.08891
   6.31570,  18.15388
   6.13417,  18.21704
   5.95200,  18.27838
   5.76921,  18.33790
   5.58583,  18.39559
   5.40188,  18.45145
   5.21736,  18.50547
   5.03231,  18.55764
   4.84673,  18.60796
   4.66065,  18.65643
   4.47409,  18.70304
   4.28706,  18.74778
   4.09958,  18.79065
   3.91167,  18.83165
   3.72336,  18.87076
   3.53465,  18.90800
   3.34557,  18.94334
   3.15614,  18.97680
   2.96637,  19.00836
   2.77628,  19.03802
   2.58590,  19.06578
   2.39525,  19.09164
   2.20433,  19.11560
   2.01317,  19.13764
   1.82180,  19.15777
   1.63022,  19.17599
   1.43846,  19.19229
   1.24654,  19.20668
   1.05447,  19.21914
   0.86228,  19.22968
   0.66998,  19.23831
   0.47760,  19.24501
   0.28515,  19.24978
   0.09265,  19.25264
  -0.09988,  19.25356
  -0.29241,  19.25256
  -0.48494,  19.24964
  -0.67743,  19.24479
  -0.86988,  19.23802
  -1.06226,  19.22932
  -1.25455,  19.21869
  -1.44674,  19.20615
  -1.63880,  19.19168
  -1.83072,  19.17529
  -2.02247,  19.15699
  -2.21404,  19.13676
  -2.40541,  19.11462
  -2.59656,  19.09057
  -2.78746,  19.06460
  -2.97811,  19.03673
  -3.16847,  19.00695
  -3.35854,  18.97526
  -3.54830,  18.94168
  -3.73771,  18.90620
  -3.92678,  18.86882
  -4.11546,  18.82955
  -4.30376,  18.78840
  -4.49164,  18.74536
  -4.67910,  18.70044
  -4.86610,  18.65365
  -5.05264,  18.60499
  -5.23869,  18.55447
  -5.42423,  18.50208
  -5.60925,  18.44784
  -5.79373,  18.39174
  -5.97765,  18.33381
  -6.16099,  18.27403
  -6.34373,  18.21242
  -6.52585,  18.14898
  -6.70734,  18.08372
  -6.88818,  18.01665
  -7.06835,  17.94777
  -7.24782,  17.87709
  -7.42659,  17.80461
  -7.60464,  17.73034
  -7.78194,  17.65430
  -7.95849,  17.57648
  -8.13425,  17.49689
  -8.30922,  17.41555
  -8.48337,  17.33246
  -8.65670,  17.24763
  -8.82917,  17.16106
  -9.00079,  17.07277
  -9.17151,  16.98276
  -9.34134,  16.89104
  -9.51025,  16.79763
  -9.67823,  16.70253
  -9.84525,  16.60575
 -10.01131,  16.50729
 -10.17638,  16.40718
 -10.34046,  16.30542
 -10.50351,  16.20201
 -10.66553,  16.09698
 -10.82650,  15.99032
 -10.98640,  15.88206
 -11.14522,  15.77219
 -11.30295,  15.66074
 -11.45955,  15.54771
 -11.61503,  15.43311
 -11.76936,  15.31696
 -11.92253,  15.19927
 -12.07452,  15.08004
 -12.22532,  14.95930
 -12.37492,  14.83705
 -12.52329,  14.71330
 -12.67042,  14.58806
 -12.81630,  14.46136
 -12.96092,  14.33320
 -13.10425,  14.20359
 -13.24628,  14.07255
 -13.38701,  13.94008
 -13.52641,  13.80621
 -13.66447,  13.67095
 -13.80118,  13.53430
 -13.93652,  13.39629
 -14.07049,  13.25693
 -14.20305,  13.11622
 -14.33422,  12.97419
 -14.46396,  12.83085
 -14.59227,  12.68621
 -14.71913,  12.54029
 -14.84453,  12.39310
 -14.96846,  12.24465
 -15.09091,  12.09496
 -15.21186,  11.94406
 -15.33130,  11.79194
 -15.44922,  11.63862
 -15.56560,  11.48413
 -15.68045,  11.32848
 -15.79373,  11.17167
 -15.90545,  11.01373
 -16.01558,  10.85468
 -16.12413,  10.69452
 -16.23108,  10.53328
 -16.33641,  10.37097
 -16.44012,  10.20761
 -16.54220,  10.04321
 -16.64263,   9.87778
 -16.74141,   9.71136
 -16.83852,   9.54394
 -16.93396,   9.37556
 -17.02771,   9.20622
 -17.11978,   9.03594
 -17.21013,   8.86474
 -17.29878,   8.69264
 -17.38571,   8.51966
 -17.47091,   8.34580
 -17.55436,   8.17109
 -17.63607,   7.99555
 -17.71603,   7.81918
 -17.79422,   7.64202
 -17.87064,   7.46408
 -17.94528,   7.28538
 -18.01814,   7.10592
 -18.08920,   6.92574
 -18.15845,   6.74485
 -18.22590,   6.56326
 -18.29153,   6.38101
 -18.35534,   6.19809
 -18.41732,   6.01454
 -18.47747,   5.83036
 -18.53577,   5.64559
 -18.59223,   5.46023
 -18.64683,   5.27431
 -18.69957,   5.08784
 -18.75045,   4.90085
 -18.79946,   4.71334
 -18.84659,   4.52535
 -18.89185,   4.33688
 -18.93522,   4.14796
 -18.97670,   3.95861
 -19.01628,   3.76884
 -19.05397,   3.57868
 -19.08976,   3.38814
 -19.12364,   3.19724
 -19.15561,   3.00601
 -19.18567,   2.81445
 -19.21382,   2.62259
 -19.24005,   2.43046
 -19.26435,   2.23805
 -19.28673,   2.04541
 -19.30719,   1.85254
 -19.32571,   1.65947
 -19.34231,   1.46622
 -19.35697,   1.27279
 -19.36970,   1.07922
 -19.38049,   0.88553
 -19.38934,   0.69172
 -19.39626,   0.49783
 -19.40124,   0.30386
 -19.40428,   0.10985
 -19.40538,  -0.08419
 -19.40454,  -0.27824
 -19.40175,  -0.47229
 -19.39703,  -0.66631
 -19.39037,  -0.86028
 -19.38177,  -1.05418
 -19.37122,  -1.24800
 -19.35874,  -1.44171
 -19.34433,  -1.63530
 -19.32797,  -1.82874
 -19.30968,  -2.02202
 -19.28946,  -2.21512
 -19.26731,  -2.40801
 -19.24323,  -2.60069
 -19.21723,  -2.79312
 -19.18929,  -2.98529
 -19.15944,  -3.17718
 -19.12767,  -3.36878
 -19.09398,  -3.56006
 -19.05838,  -3.75099
 -19.02087,  -3.94158
 -18.98145,  -4.13179
 -18.94014,  -4.32160
 -18.89692,  -4.51100
 -18.85181,  -4.69997
 -18.80481,  -4.88849
 -18.75593,  -5.07654
 -18.70516,  -5.26410
 -18.65252,  -5.45115
 -18.59801,  -5.63767
 -18.54163,  -5.82365
 -18.48339,  -6.00907
 -18.42330,  -6.19390
 -18.36136,  -6.37814
 -18.29758,  -6.56175
 -18.23196,  -6.74473
 -18.16452,  -6.92705
 -18.09525,  -7.10869
 -18.02416,  -7.28964
 -17.95126,  -7.46989
 -17.87656,  -7.64940
 -17.80007,  -7.82816
 -17.72179,  -8.00617
 -17.64173,  -8.18338
 -17.55989,  -8.35980
 -17.47630,  -8.53540
 -17.39094,  -8.71016
 -17.30384,  -8.88407
 -17.21500,  -9.05711
 -17.12443,  -9.22926
 -17.03214,  -9.40050
 -16.93813,  -9.57083
 -16.84242,  -9.74021
 -16.74502,  -9.90863
 -16.64593, -10.07608
 -16.54517, -10.24254
 -16.44275, -10.40799
 -16.33867, -10.57242
 -16.23294, -10.73581
 -16.12558, -10.89814
 -16.01660, -11.05939
 -15.90601, -11.21956
 -15.79381, -11.37862
 -15.68003, -11.53656
 -15.56466, -11.69336
 -15.44773, -11.84900
 -15.32924, -12.00348
 -15.20920, -12.15677
 -15.08763, -12.30886
 -14.96454, -12.45974
 -14.83995, -12.60939
 -14.71385, -12.75779
 -14.58628, -12.90492
 -14.45723, -13.05079
 -14.32672, -13.19536
 -14.19477, -13.33863
 -14.06138, -13.48057
 -13.92657, -13.62119
 -13.79036, -13.76045
 -13.65276, -13.89836
 -13.51377, -14.03489
 -13.37342, -14.17002
 -13.23172, -14.30376
 -13.08869, -14.43608
 -12.94433, -14.56696
 -12.79866, -14.69641
 -12.65169, -14.82439
 -12.50345, -14.95091
 -12.35394, -15.07594
 -12.20318, -15.19948
 -12.05118, -15.32152
 -11.89797, -15.44203
 -11.74355, -15.56101
 -11.58794, -15.67844
 -11.43116, -15.79432
 -11.27321, -15.90863
 -11.11413, -16.02136
 -10.95391, -16.13251
 -10.79259, -16.24204
 -10.63017, -16.34997
 -10.46667, -16.45627
 -10.30210, -16.56094
 -10.13649, -16.66396
  -9.96986, -16.76532
  -9.80220, -16.86502
  -9.63355, -16.96305
  -9.46392, -17.05938
  -9.29333, -17.15402
  -9.12179, -17.24695
  -8.94932, -17.33817
  -8.77594, -17.42766
  -8.60166, -17.51542
  -8.42651, -17.60144
  -8.25049, -17.68570
  -8.07363, -17.76821
  -7.89595, -17.84894
  -7.71746, -17.92790
  -7.53818, -18.00508
  -7.35813, -18.08046
  -7.17733, -18.15404
  -6.99579, -18.22582
  -6.81353, -18.29577
  -6.63057, -18.36391
  -6.44693, -18.43022
  -6.26263, -18.49468
  -6.07768, -18.55731
  -5.89211, -18.61809
  -5.70593, -18.67701
  -5.51916, -18.73407
  -5.33182, -18.78926
  -5.14393, -18.84258
  -4.95550, -18.89402
  -4.76656, -18.94357
  -4.57712, -18.99124
  -4.38721, -19.03701
  -4.19684, -19.08088
  -4.00603, -19.12285
  -3.81480, -19.16291
  -3.62318, -19.20106
  -3.43116, -19.23729
  -3.23879, -19.27160
  -3.04608, -19.30399
  -2.85304, -19.33445
  -2.65969, -19.36298
  -2.46606, -19.38958
  -2.27217, -19.41424
  -2.07802, -19.43696
  -1.88365, -19.45774
  -1.68908, -19.47658
  -1.49431, -19.49347
  -1.29938, -19.50841
  -1.10429, -19.52141
  -0.90908, -19.53245
  -0.71375, -19.54154
  -0.51834, -19.54868
  -0.32285, -19.55386
  -0.12731, -19.55709
   0.06826, -19.55836
   0.26384, -19.55768
   0.45942, -19.55504
   0.65497, -19.55045
   0.85047, -19.54390
   1.04591, -19.53539
   1.24127, -19.52493
   1.43652, -19.51252
   1.63164, -19.49816
   1.82662, -19.48184
   2.02144, -19.46357
   2.21608, -19.44336
   2.41051, -19.42120
   2.60472, -19.39709
   2.79869, -19.37105
   2.99240, -19.34306
   3.18583, -19.31314
   3.37897, -19.28128
   3.57178, -19.24749
   3.76425, -19.21177
   3.95637, -19.17413
   4.14811, -19.13456
   4.33946, -19.09308
   4.53039, -19.04969
   4.72089, -19.00438
   4.91093, -18.95717
   5.10050, -18.90807
   5.28958, -18.85706
   5.47815, -18.80416
   5.66619, -18.74938
   5.85369, -18.69272
   6.04062, -18.63419
   6.22696, -18.57378
   6.41269, -18.51151
   6.59781, -18.44738
   6.78228, -18.38140
   6.96610, -18.31358
   7.14923, -18.24392
   7.33167, -18.17243
   7.51340, -18.09911
   7.69439, -18.02398
   7.87463, -17.94703
   8.05410, -17.86829
   8.23278, -17.78774
   8.41066, -17.70542
   8.58771, -17.62131
   8.76393, -17.53543
   8.93928, -17.44780
   9.11376, -17.35840
   9.28734, -17.26727
   9.46001, -17.17439
   9.63176, -17.07979
   9.80256, -16.98347
   9.97239, -16.88545
  10.14125, -16.78572
  10.30910, -16.68431
  10.47595, -16.58122
  10.64176, -16.47646
  10.80652, -16.37005
  10.97022, -16.26198
  11.13284, -16.15228
  11.29437, -16.04095
  11.45478, -15.92801
  11.61406, -15.81346
  11.77219, -15.69732
  11.92916, -15.57960
  12.08496, -15.46031
  12.23956, -15.33946
  12.39296, -15.21706
  12.54513, -15.09313
  12.69606, -14.96768
  12.84574, -14.84072
  12.99414, -14.71226
  13.14126, -14.58232
  13.28709, -14.45091
  13.43160, -14.31804
  13.57478, -14.18372
  13.71661, -14.04797
  13.85709, -13.91081
  13.99620, -13.77224
  14.13392, -13.63227
  14.27025, -13.49094
  14.40516, -13.34823
  14.53864, -13.20418
  14.67068, -13.05879
  14.80127, -12.91209
  14.93039, -12.76408
  15.05803, -12.61477
  15.18418, -12.46419
  15.30882, -12.31235
  15.43194, -12.15926
  15.55354, -12.00494
  15.67358, -11.84941
  15.79208, -11.69267
  15.90901, -11.53475
  16.02435, -11.37566
  16.13811, -11.21542
  16.25026, -11.05403
  16.36080, -10.89153
  16.46972, -10.72792
  16.57700, -10.56323
  16.68263, -10.39746
  16.78661, -10.23063
  16.88891, -10.06277
  16.98954,  -9.89388
  17.08848,  -9.72398
  17.18572,  -9.55310
  17.28125,  -9.38124
  17.37506,  -9.20843
  17.46715,  -9.03468
  17.55750,  -8.86000
  17.64610,  -8.68443
  17.73294,  -8.50797
  17.81802,  -8.33064
  17.90133,  -8.15246
  17.98285,  -7.97345
  18.06258,  -7.79362
  18.14052,  -7.61299
  18.21665,  -7.43159
  18.29097,  -7.24942
  18.36346,  -7.06651
  18.43413,  -6.88288
  18.50295,  -6.69853
  18.56994,  -6.51350
  18.63508,  -6.32781
  18.69835,  -6.14145
  18.75977,  -5.95447
  18.81931,  -5.76687
  18.87698,  -5.57868
  18.93277,  -5.38991
  18.98667,  -5.20058
  19.03868,  -5.01072
  19.08878,  -4.82033
  19.13699,  -4.62944
  19.18328,  -4.43807
  19.22766,  -4.24624
  19.27012,  -4.05396
  19.31066,  -3.86126
  19.34928,  -3.66815
  19.38596,  -3.47466
  19.42070,  -3.28080
  19.45351,  -3.08659
  19.48438,  -2.89206
  19.51330,  -2.69722
  19.54027,  -2.50208
  19.56529,  -2.30668
  19.58836,  -2.11103
  19.60947,  -1.91514
  19.62862,  -1.71905
  19.64581,  -1.52276
  19.66104,  -1.32630
  19.67430,  -1.12969
  19.68560,  -0.93295
  19.69493,  -0.73609
  19.70229,  -0.53915
  19.70768,  -0.34212
  19.71111,  -0.14505
  19.71255,   0.05207
  19.71203,   0.24919
  19.70954,   0.44631
  19.70508,   0.64341
  19.69865,   0.84046
  19.69024,   1.03744
  19.67987,   1.23435
  19.66752,   1.43115
  19.65321,   1.62782
  19.63694,   1.82435
  19.61869,   2.02072
  19.59849,   2.21691
  19.57632,   2.41289
  19.55219,   2.60866
  19.52610,   2.80418
  19.49806,   2.99944
  19.46806,   3.19442
  19.43612,   3.38910
  19.40223,   3.58346
  19.36639,   3.77748
  19.32862,   3.97115
  19.28891,   4.16443
  19.24726,   4.35732
  19.20369,   4.54980
  19.15819,   4.74183
  19.11077,   4.93341
  19.06144,   5.12452
  19.01019,   5.31514
  18.95704,   5.50524
  18.90199,   5.69481
  18.84504,   5.88383
  18.78620,   6.07228
  18.72548,   6.26014
  18.66288,   6.44740
  18.59841,   6.63402
  18.53207,   6.82001
  18.46387,   7.00533
  18.39381,   7.18997
  18.32191,   7.37391
  18.24817,   7.55713
  18.17260,   7.73961
  18.09521,   7.92133
  18.01599,   8.10229
  17.93497,   8.28244
  17.85215,   8.46179
  17.76753,   8.64032
  17.68113,   8.81799
  17.59295,   8.99480
  17.50300,   9.17073
  17.41129,   9.34576
  17.31783,   9.51987
  17.22263,   9.69305
  17.12570,   9.86528
  17.02705,  10.03654
  16.92668,  10.20681
  16.82462,  10.37607
  16.72085,  10.54432
  16.61541,  10.71153
  16.50830,  10.87768
  16.39952,  11.04277
  16.28909,  11.20676
  16.17702,  11.36965
  16.06333,  11.53142
  15.94801,  11.69205
  15.83109,  11.85153
  15.71258,  12.00985
  15.59248,  12.16697
  15.47081,  12.32290
  15.34758,  12.47760
  15.22280,  12.63108
  15.09649,  12.78331
  14.96866,  12.93427
  14.83932,  13.08396
  14.70848,  13.23235
  14.57615,  13.37944
  14.44236,  13.52520
  14.30711,  13.66962
  14.17041,  13.81269
  14.03228,  13.95440
  13.89274,  14.09472
  13.75179,  14.23365
  13.60946,  14.37117
  13.46574,  14.50726
  13.32067,  14.64192
  13.17425,  14.77513
  13.02650,  14.90687
  12.87743,  15.03713
  12.72706,  15.16591
  12.57540,  15.29318
  12.42247,  15.41893
  12.26828,  15.54316
  12.11285,  15.66584
  11.95619,  15.78697
  11.79832,  15.90653
  11.63926,  16.02451
  11.47901,  16.14091
  11.31760,  16.25570
  11.15504,  16.36887
  10.99136,  16.48042
  10.82655,  16.59034
  10.66065,  16.69860
  10.49366,  16.80521
  10.32561,  16.91014
  10.15651,  17.01340
   9.98637,  17.11496
   9.81523,  17.21483
   9.64308,  17.31298
   9.46995,  17.40941
   9.29585,  17.50411
   9.12081,  17.59707
   8.94484,  17.68827
   8.76796,  17.77772
   8.59018,  17.86540
   8.41153,  17.95130
   8.23201,  18.03542
   8.05166,  18.11774
   7.87048,  18.19826
   7.68850,  18.27696
   7.50573,  18.35385
   7.32219,  18.42890
   7.13790,  18.50212
   6.95288,  18.57350
   6.76715,  18.64303
   6.58072,  18.71070
   6.39361,  18.77651
   6.20584,  18.84045
   6.01744,  18.90250
   5.82841,  18.96268
   5.63879,  19.02096
   5.44858,  19.07735
   5.25780,  19.13184
   5.06649,  19.18441
   4.87464,  19.23508
   4.68229,  19.28382
   4.48945,  19.33065
   4.29615,  19.37554
   4.10239,  19.41850
   3.90821,  19.45953
   3.71361,  19.49861
   3.51862,  19.53575
   3.32327,  19.57093
   3.12756,  19.60416
   2.93152,  19.63544
   2.73516,  19.66475
   2.53851,  19.69211
   2.34159,  19.71749
   2.14442,  19.74091
   1.94701,  19.76235
   1.74939,  19.78182
   1.55157,  19.79932
   1.35357,  19.81483
   1.15543,  19.82837
   0.95714,  19.83992
   0.75874,  19.84949
   0.56025,  19.85708
   0.36168,  19.86268
   0.16305,  19.86630
  -0.03561,  19.86793
  -0.23429,  19.86757
  -0.43297,  19.86523
  -0.63162,  19.86090
  -0.83023,  19.85459
  -1.02878,  19.84628
  -1.22724,  19.83599
  -1.42560,  19.82372
  -1.62384,  19.80947
  -1.82193,  19.79323
  -2.01986,  19.77501
  -2.21761,  19.75481
  -2.41516,  19.73263
  -2.61249,  19.70848
  -2.80957,  19.68236
  -3.00640,  19.65426
  -3.20294,  19.62420
  -3.39918,  19.59217
  -3.59510,  19.55818
  -3.79068,  19.52223
  -3.98591,  19.48432
  -4.18075,  19.44446
  -4.37519,  19.40265
  -4.56922,  19.35890
  -4.76281,  19.31321
  -4.95594,  19.26558
  -5.14860,  19.21602
  -5.34076,  19.16454
  -5.53240,  19.11113
  -5.72351,  19.05580
  -5.91407,  18.99857
  -6.10406,  18.93943
  -6.29345,  18.87839
  -6.48223,  18.81545
  -6.67039,  18.75063
  -6.85790,  18.68392
  -7.04473,  18.61535
  -7.23089,  18.54490
  -7.41634,  18.47259
  -7.60106,  18.39842
  -7.78505,  18.32241
  -7.96827,  18.24456
  -8.15072,  18.16488
  -8.33237,  18.08337
  -8.51320,  18.00005
  -8.69320,  17.91492
  -8.87235,  17.82799
  -9.05063,  17.73926
  -9.22802,  17.64876
  -9.40451,  17.55648
  -9.58008,  17.46243
  -9.75470,  17.36663
  -9.92837,  17.26908
 -10.10106,  17.16980
 -10.27275,  17.06879
 -10.44344,  16.96606
 -10.61310,  16.86163
 -10.78172,  16.75550
 -10.94927,  16.64768
 -11.11575,  16.53819
 -11.28113,  16.42703
 -11.44540,  16.31421
 -11.60855,  16.19976
 -11.77054,  16.08368
 -11.93138,  15.96597
 -12.09104,  15.84666
 -12.24951,  15.72575
 -12.40676,  15.60325
 -12.56280,  15.47918
 -12.71759,  15.35356
 -12.87112,  15.22638
 -13.02339,  15.09767
 -13.17436,  14.96743
 -13.32404,  14.83569
 -13.47239,  14.70245
 -13.61942,  14.56773
 -13.76510,  14.43153
 -13.90941,  14.29388
 -14.05235,  14.15479
 -14.19390,  14.01426
 -14.33404,  13.87232
 -14.47276,  13.72898
 -14.61005,  13.58426
 -14.74590,  13.43815
 -14.88028,  13.29070
 -15.01319,  13.14189
 -15.14460,  12.99176
 -15.27452,  12.84031
 -15.40292,  12.68757
 -15.52980,  12.53354
 -15.65514,  12.37824
 -15.77892,  12.22169
 -15.90114,  12.06390
 -16.02177,  11.90489
 -16.14082,  11.74467
 -16.25827,  11.58326
 -16.37410,  11.42068
 -16.48831,  11.25694
 -16.60088,  11.09206
 -16.71180,  10.92605
 -16.82106,  10.75893
 -16.92865,  10.59072
 -17.03456,  10.42143
 -17.13877,  10.25109
 -17.24128,  10.07970
 -17.34208,   9.90729
 -17.44115,   9.73387
 -17.53849,   9.55945
 -17.63408,   9.38407
 -17.72793,   9.20773
 -17.82000,   9.03045
 -17.91031,   8.85225
 -17.99883,   8.67315
 -18.08556,   8.49316
 -18.17049,   8.31230
 -18.25362,   8.13060
 -18.33492,   7.94806
 -18.41440,   7.76471
 -18.49205,   7.58057
 -18.56786,   7.39565
 -18.64181,   7.20997
 -18.71391,   7.02355
 -18.78415,   6.83641
 -18.85251,   6.64857
 -18.91900,   6.46005
 -18.98360,   6.27086
 -19.04630,   6.08102
 -19.10711,   5.89056
 -19.16602,   5.69949
 -19.22301,   5.50783
 -19.27809,   5.31560
 -19.33125,   5.12282
 -19.38248,   4.92950
 -19.43177,   4.73568
 -19.47913,   4.54136
 -19.52454,   4.34657
 -19.56801,   4.15132
 -19.60952,   3.95564
 -19.64908,   3.75955
 -19.68668,   3.56306
 -19.72231,   3.36619
 -19.75597,   3.16897
 -19.78766,   2.97141
 -19.81738,   2.77353
 -19.84511,   2.57536
 -19.87086,   2.37691
 -19.89463,   2.17820
 -19.91641,   1.97925
 -19.93621,   1.78009
 -19.95401,   1.58073
 -19.96982,   1.38119
 -19.98363,   1.18149
 -19.99544,   0.98165
 -20.00526,   0.78170
 -20.01307,   0.58164
 -20.01889,   0.38151
 -20.02271,   0.18132
 -20.02452,  -0.01890
 -20.02433,  -0.21915
 -20.02214,  -0.41939
 -20.01794,  -0.61961
 -20.01175,  -0.81979
 -20.00355,  -1.01991
 -19.99335,  -1.21994
 -19.98115,  -1.41988
 -19.96695,  -1.61969
 -19.95076,  -1.81936
 -19.93256,  -2.01887
 -19.91237,  -2.21819
 -19.89019,  -2.41732
 -19.86602,  -2.61622
 -19.83985,  -2.81488
 -19.81170,  -3.01328
 -19.78157,  -3.21139
 -19.74946,  -3.40921
 -19.71537,  -3.60670
 -19.67930,  -3.80386
 -19.64126,  -4.00065
 -19.60125,  -4.19706
 -19.55928,  -4.39308
 -19.51535,  -4.58867
 -19.46947,  -4.78382
 -19.42163,  -4.97852
 -19.37184,  -5.17273
 -19.32011,  -5.36645
 -19.26645,  -5.55965
 -19.21085,  -5.75232
 -19.15333,  -5.94443
 -19.09388,  -6.13596
 -19.03252,  -6.32690
 -18.96926,  -6.51722
 -18.90408,  -6.70692
 -18.83701,  -6.89596
 -18.76805,  -7.08433
 -18.69721,  -7.27201
 -18.62449,  -7.45898
 -18.54990,  -7.64522
 -18.47345,  -7.83072
 -18.39514,  -8.01546
 -18.31499,  -8.19941
 -18.23299,  -8.38256
 -18.14916,  -8.56489
 -18.06351,  -8.74638
 -17.97605,  -8.92702
 -17.88678,  -9.10678
 -17.79571,  -9.28565
 -17.70286,  -9.46360
 -17.60822,  -9.64063
 -17.51181,  -9.81672
 -17.41364,  -9.99183
 -17.31373, -10.16597
 -17.21207, -10.33911
 -17.10868, -10.51123
 -17.00356, -10.68231
 -16.89674, -10.85235
 -16.78822, -11.02132
 -16.67800, -11.18920
 -16.56611, -11.35598
 -16.45255, -11.52164
 -16.33733, -11.68617
 -16.22047, -11.84954
 -16.10198, -12.01174
 -15.98186, -12.17276
 -15.86013, -12.33258
 -15.73680, -12.49118
 -15.61189, -12.64855
 -15.48541, -12.80467
 -15.35736, -12.95953
 -15.22777, -13.11310
 -15.09663, -13.26538
 -14.96398, -13.41634
 -14.82982, -13.56598
 -14.69416, -13.71428
 -14.55701, -13.86122
 -14.41840, -14.00679
 -14.27833, -14.15098
 -14.13682, -14.29376
 -13.99389, -14.43513
 -13.84953, -14.57507
 -13.70378, -14.71356
 -13.55665, -14.85060
 -13.40814, -14.98617
 -13.25828, -15.12025
 -13.10708, -15.25283
 -12.95455, -15.38390
 -12.80071, -15.51345
 -12.64558, -15.64146
 -12.48916, -15.76791
 -12.33148, -15.89280
 -12.17255, -16.01612
 -12.01239, -16.13784
 -11.85101, -16.25797
 -11.68843, -16.37648
 -11.52467, -16.49336
 -11.35974, -16.60861
 -11.19365, -16.72220
 -11.02643, -16.83414
 -10.85809, -16.94440
 -10.68864, -17.05299
 -10.51811, -17.15987
 -10.34651, -17.26505
 -10.17386, -17.36852
 -10.00018, -17.47026
  -9.82547, -17.57026
  -9.64977, -17.66851
  -9.47309, -17.76501
  -9.29544, -17.85974
  -9.11684, -17.95270
  -8.93731, -18.04387
  -8.75687, -18.13324
  -8.57554, -18.22081
  -8.39333, -18.30656
  -8.21027, -18.39050
  -8.02636, -18.47260
  -7.84164, -18.55286
  -7.65611, -18.63128
  -7.46979, -18.70784
  -7.28272, -18.78254
  -7.09489, -18.85536
  -6.90634, -18.92631
  -6.71707, -18.99537
  -6.52712, -19.06255
  -6.33649, -19.12782
  -6.14522, -19.19118
  -5.95330, -19.25263
  -5.76078, -19.31217
  -5.56766, -19.36977
  -5.37396, -19.42545
  -5.17970, -19.47919
  -4.98491, -19.53099
  -4.78960, -19.58084
  -4.59379, -19.62873
  -4.39751, -19.67467
  -4.20076, -19.71865
  -4.00357, -19.76065
  -3.80597, -19.80069
  -3.60796, -19.83875
  -3.40957, -19.87483
  -3.21082, -19.90892
  -3.01173, -19.94103
  -2.81232, -19.97115
  -2.61261, -19.99927
  -2.41262, -20.02540
  -2.21237, -20.04953
  -2.01187, -20.07165
  -1.81115, -20.09177
  -1.61024, -20.10988
  -1.40914, -20.12598
  -1.20788, -20.14007
  -1.00648, -20.15215
  -0.80496, -20.16222
  -0.60333, -20.17027
  -0.40163, -20.17630
  -0.19987, -20.18032
   0.00194, -20.18232
   0.20376, -20.18230
   0.40558, -20.18026
   0.60738, -20.17620
   0.80915, -20.17013
   1.01085, -20.16204
   1.21247, -20.15193
   1.41399, -20.13981
   1.61538, -20.12567
   1.81664, -20.10951
   2.01774, -20.09135
   2.21865, -20.07117
   2.41936, -20.04898
   2.61985, -20.02479
   2.82010, -19.99859
   3.02009, -19.97039
   3.21979, -19.94019
   3.41919, -19.90799
   3.61827, -19.87380
   3.81701, -19.83762
   4.01539, -19.79945
   4.21338, -19.75930
   4.41097, -19.71716
   4.60814, -19.67305
   4.80488, -19.62697
   5.00114, -19.57892
   5.19693, -19.52891
   5.39222, -19.47694
   5.58699, -19.42302
   5.78122, -19.36715
   5.97489, -19.30934
   6.16799, -19.24959
   6.36048, -19.18791
   6.55236, -19.12431
   6.74361, -19.05878
   6.93419, -18.99135
   7.12411, -18.92200
   7.31333, -18.85076
   7.50183, -18.77763
   7.68961, -18.70261
   7.87664, -18.62572
   8.06289, -18.54695
   8.24836, -18.46632
   8.43303, -18.38384
   8.61687, -18.29951
   8.79986, -18.21334
   8.98199, -18.12534
   9.16325, -18.03552
   9.34360, -17.94389
   9.52304, -17.85045
   9.70155, -17.75522
   9.87910, -17.65821
  10.05568, -17.55941
  10.23127, -17.45886
  10.40586, -17.35654
  10.57943, -17.25249
  10.75195, -17.14669
  10.92342, -17.03917
  11.09381, -16.92994
  11.26311, -16.81900
  11.43130, -16.70637
  11.59836, -16.59205
  11.76429, -16.47607
  11.92905, -16.35843
  12.09263, -16.23914
  12.25502, -16.11821
  12.41620, -15.99566
  12.57616, -15.87150
  12.73488, -15.74574
  12.89233, -15.61839
  13.04852, -15.48946
  13.20341, -15.35898
  13.35700, -15.22694
  13.50927, -15.09337
  13.66021, -14.95828
  13.80979, -14.82168
  13.95801, -14.68358
  14.10484, -14.54400
  14.25028, -14.40295
  14.39431, -14.26045
  14.53692, -14.11651
  14.67808, -13.97114
  14.81779, -13.82436
  14.95604, -13.67618
  15.09280, -13.52662
  15.22806, -13.37569
  15.36182, -13.22341
  15.49405, -13.06979
  15.62475, -12.91485
  15.75390, -12.75861
  15.88149, -12.60107
  16.00750, -12.44225
  16.13192, -12.28218
  16.25474, -12.12086
  16.37595, -11.95831
  16.49553, -11.79455
  16.61348, -11.62960
  16.72977, -11.46346
  16.84441, -11.29616
  16.95737, -11.12772
  17.06865, -10.95815
  17.17823, -10.78746
  17.28610, -10.61568
  17.39226, -10.44282
  17.49669, -10.26889
  17.59938, -10.09393
  17.70032,  -9.91793
  17.79950,  -9.74093
  17.89691,  -9.56293
  17.99253,  -9.38397
  18.08637,  -9.20404
  18.17842,  -9.02318
  18.26865,  -8.84139
  18.35706,  -8.65871
  18.44365,  -8.47513
  18.52840,  -8.29070
  18.61131,  -8.10541
  18.69236,  -7.91930
  18.77155,  -7.73238
  18.84888,  -7.54466
  18.92432,  -7.35617
  18.99789,  -7.16693
  19.06956,  -6.97695
  19.13932,  -6.78626
  19.20719,  -6.59486
  19.27314,  -6.40279
  19.33716,  -6.21006
  19.39927,  -6.01669
  19.45943,  -5.82269
  19.51766,  -5.62810
  19.57394,  -5.43292
  19.62827,  -5.23718
  19.68064,  -5.04090
  19.73105,  -4.84409
  19.77949,  -4.64678
  19.82596,  -4.44899
  19.87045,  -4.25073
  19.91296,  -4.05202
  19.95348,  -3.85290
  19.99201,  -3.65336
  20.02854,  -3.45344
  20.06307,  -3.25315
  20.09561,  -3.05252
  20.12613,  -2.85157
  20.15465,  -2.65031
  20.18115,  -2.44876
  20.20564,  -2.24695
  20.22811,  -2.04489
  20.24855,  -1.84261
  20.26698,  -1.64013
  20.28338,  -1.43746
  20.29776,  -1.23462
  20.31010,  -1.03164
  20.32042,  -0.82854
  20.32870,  -0.62534
  20.33496,  -0.42205
  20.33918,  -0.21870
  20.34137,  -0.01531
  20.34152,   0.18810
  20.33964,   0.39152
  20.33572,   0.59491
  20.32977,   0.79827
  20.32179,   1.00157
  20.31178,   1.20479
  20.29973,   1.40790
  20.28565,   1.61090
  20.26954,   1.81376
  20.25140,   2.01645
  20.23124,   2.21897
  20.20905,   2.42128
  20.18484,   2.62337
  20.15860,   2.82522
  20.13035,   3.02681
  20.10008,   3.22811
  20.06780,   3.42911
  20.03351,   3.62979
  19.99721,   3.83012
  19.95891,   4.03010
  19.91861,   4.22968
  19.87631,   4.42887
  19.83203,   4.62763
  19.78575,   4.82595
  19.73749,   5.02381
  19.68725,   5.22119
  19.63504,   5.41806
  19.58086,   5.61441
  19.52472,   5.81022
  19.46661,   6.00547
  19.40656,   6.20013
  19.34456,   6.39420
  19.28061,   6.58764
  19.21474,   6.78045
  19.14693,   6.97260
  19.07721,   7.16407
  19.00557,   7.35484
  18.93202,   7.54489
  18.85657,   7.73421
  18.77923,   7.92278
  18.70000,   8.11057
  18.61889,   8.29757
  18.53592,   8.48376
  18.45108,   8.66912
  18.36439,   8.85363
  18.27585,   9.03727
  18.18548,   9.22003
  18.09328,   9.40189
  17.99926,   9.58282
  17.90343,   9.76281
  17.80581,   9.94185
  17.70639,  10.11991
  17.60519,  10.29697
  17.50222,  10.47302
  17.39749,  10.64804
  17.29101,  10.82202
  17.18279,  10.99493
  17.07284,  11.16676
  16.96117,  11.33749
  16.84780,  11.50710
  16.73273,  11.67558
  16.61597,  11.84290
  16.49754,  12.00906
  16.37745,  12.17404
  16.25571,  12.33781
  16.13233,  12.50037
  16.00733,  12.66169
  15.88071,  12.82176
  15.75249,  12.98057
  15.62269,  13.13810
  15.49131,  13.29432
  15.35836,  13.44924
  15.22387,  13.60282
  15.08784,  13.75506
  14.95029,  13.90594
  14.81123,  14.05544
  14.67068,  14.20355
  14.52864,  14.35026
  14.38514,  14.49555
  14.24018,  14.63940
  14.09379,  14.78180
  13.94597,  14.92274
  13.79675,  15.06220
  13.64612,  15.20016
  13.49412,  15.33662
  13.34076,  15.47157
  13.18604,  15.60497
  13.02999,  15.73683
  12.87262,  15.86713
  12.71395,  15.99586
  12.55399,  16.12300
  12.39276,  16.24854
  12.23028,  16.37247
  12.06655,  16.49477
  11.90160,  16.61543
  11.73545,  16.73445
  11.56811,  16.85181
  11.39959,  16.96749
  11.22991,  17.08148
  11.05910,  17.19378
  10.88716,  17.30437
  10.71412,  17.41325
  10.53998,  17.52039
  10.36478,  17.62579
  10.18852,  17.72943
  10.01123,  17.83132
   9.83291,  17.93143
   9.65360,  18.02976
   9.47330,  18.12630
   9.29204,  18.22103
   9.10983,  18.31395
   8.92669,  18.40505
   8.74264,  18.49432
   8.55770,  18.58175
   8.37188,  18.66732
   8.18520,  18.75104
   7.99769,  18.83289
   7.80937,  18.91287
   7.62024,  18.99096
   7.43033,  19.06717
   7.23966,  19.14147
   7.04824,  19.21387
   6.85610,  19.28435
   6.66326,  19.35291
   6.46973,  19.41954
   6.27553,  19.48424
   6.08069,  19.54700
   5.88522,  19.60780
   5.68914,  19.66666
   5.49248,  19.72355
   5.29524,  19.77847
   5.09746,  19.83142
   4.89914,  19.88240
   4.70032,  19.93139
   4.50100,  19.97839
   4.30122,  20.02340
   4.10099,  20.06642
   3.90032,  20.10743
   3.69925,  20.14643
   3.49778,  20.18342
   3.29595,  20.21840
   3.09377,  20.25136
   2.89125,  20.28230
   2.68843,  20.31121
   2.48532,  20.33809
   2.28194,  20.36294
   2.07831,  20.38576
   1.87445,  20.40655
   1.67038,  20.42529
   1.46613,  20.44200
   1.26171,  20.45666
   1.05714,  20.46927
   0.85245,  20.47985
   0.64765,  20.48837
   0.44277,  20.49485
   0.23782,  20.49927
   0.03283,  20.50165
  -0.17219,  20.50198
  -0.37721,  20.50026
  -0.58221,  20.49648
  -0.78718,  20.49066
  -0.99208,  20.48279
  -1.19691,  20.47287
  -1.40164,  20.46090
  -1.60625,  20.44689
  -1.81072,  20.43082
  -2.01502,  20.41272
  -2.21915,  20.39257
  -2.42308,  20.37037
  -2.62678,  20.34614
  -2.83024,  20.31988
  -3.03344,  20.29157
  -3.23636,  20.26124
  -3.43897,  20.22887
  -3.64126,  20.19448
  -3.84320,  20.15807
  -4.04478,  20.11964
  -4.24598,  20.07919
  -4.44677,  20.03673
  -4.64714,  19.99227
  -4.84706,  19.94580
  -5.04652,  19.89732
  -5.24549,  19.84686
  -5.44396,  19.79440
  -5.64191,  19.73997
  -5.83930,  19.68355
  -6.03614,  19.62515
  -6.23239,  19.56479
  -6.42804,  19.50247
  -6.62306,  19.43819
  -6.81745,  19.37196
  -7.01117,  19.30378
  -7.20420,  19.23367
  -7.39654,  19.16163
  -7.58816,  19.08766
  -7.77903,  19.01178
  -7.96915,  18.93399
  -8.15849,  18.85430
  -8.34703,  18.77271
  -8.53476,  18.68924
  -8.72165,  18.60390
  -8.90769,  18.51668
  -9.09286,  18.42760
  -9.27713,  18.33667
  -9.46050,  18.24390
  -9.64294,  18.14930
  -9.82443,  18.05287
 -10.00496,  17.95462
 -10.18451,  17.85457
 -10.36305,  17.75273
 -10.54058,  17.64910
 -10.71707,  17.54369
 -10.89251,  17.43652
 -11.06687,  17.32760
 -11.24015,  17.21693
 -11.41232,  17.10453
 -11.58336,  16.99040
 -11.75327,  16.87457
 -11.92201,  16.75704
 -12.08958,  16.63782
 -12.25596,  16.51692
 -12.42113,  16.39436
 -12.58507,  16.27015
 -12.74778,  16.14430
 -12.90922,  16.01682
 -13.06939,  15.88773
 -13.22826,  15.75704
 -13.38583,  15.62475
 -13.54208,  15.49089
 -13.69699,  15.35547
 -13.85055,  15.21850
 -14.00273,  15.08000
 -14.15353,  14.93997
 -14.30293,  14.79844
 -14.45092,  14.65541
 -14.59747,  14.51090
 -14.74258,  14.36492
 -14.88623,  14.21750
 -15.02840,  14.06863
 -15.16909,  13.91835
 -15.30827,  13.76666
 -15.44594,  13.61358
 -15.58207,  13.45912
 -15.71667,  13.30330
 -15.84970,  13.14613
 -15.98116,  12.98763
 -16.11104,  12.82782
 -16.23932,  12.66671
 -16.36598,  12.50432
 -16.49103,  12.34066
 -16.61443,  12.17575
 -16.73619,  12.00960
 -16.85629,  11.84224
 -16.97471,  11.67368
 -17.09145,  11.50393
 -17.20649,  11.33302
 -17.31982,  11.16095
 -17.43143,  10.98775
 -17.54130,  10.81344
 -17.64944,  10.63803
 -17.75582,  10.46153
 -17.86044,  10.28397
 -17.96328,  10.10537
 -18.06433,   9.92574
 -18.16359,   9.74509
 -18.26104,   9.56346
 -18.35667,   9.38085
 -18.45048,   9.19728
 -18.54245,   9.01278
 -18.63258,   8.82735
 -18.72085,   8.64102
 -18.80726,   8.45382
 -18.89180,   8.26574
 -18.97446,   8.07683
 -19.05523,   7.88708
 -19.13410,   7.69653
 -19.21106,   7.50519
 -19.28612,   7.31308
 -19.35925,   7.12022
 -19.43045,   6.92662
 -19.49971,   6.73232
 -19.56704,   6.53732
 -19.63241,   6.34165
 -19.69583,   6.14533
 -19.75728,   5.94837
 -19.81676,   5.75080
 -19.87427,   5.55263
 -19.92980,   5.35389
 -19.98334,   5.15459
 -20.03489,   4.95476
 -20.08443,   4.75441
 -20.13198,   4.55356
 -20.17751,   4.35224
 -20.22104,   4.15047
 -20.26254,   3.94826
 -20.30202,   3.74563
 -20.33948,   3.54261
 -20.37490,   3.33922
 -20.40829,   3.13547
 -20.43965,   2.93138
 -20.46896,   2.72699
 -20.49623,   2.52230
 -20.52146,   2.31734
 -20.54463,   2.11212
 -20.56575,   1.90668
 -20.58482,   1.70102
 -20.60183,   1.49517
 -20.61678,   1.28915
 -20.62967,   1.08298
 -20.64050,   0.87669
 -20.64927,   0.67028
 -20.65597,   0.46379
 -20.66061,   0.25723
 -20.66318,   0.05062
 -20.66369,  -0.15601
 -20.66213,  -0.36264
 -20.65850,  -0.56927
 -20.65281,  -0.77585
 -20.64505,  -0.98238
 -20.63523,  -1.18883
 -20.62334,  -1.39518
 -20.60938,  -1.60142
 -20.59337,  -1.80751
 -20.57529,  -2.01344
 -20.55516,  -2.21920
 -20.53297,  -2.42475
 -20.50872,  -2.63008
 -20.48242,  -2.83516
 -20.45407,  -3.03999
 -20.42367,  -3.24453
 -20.39122,  -3.44877
 -20.35674,  -3.65268
 -20.32021,  -3.85625
 -20.28165,  -4.05945
 -20.24105,  -4.26226
 -20.19843,  -4.46467
 -20.15378,  -4.66666
 -20.10711,  -4.86820
 -20.05843,  -5.06927
 -20.00774,  -5.26985
 -19.95504,  -5.46993
 -19.90034,  -5.66948
 -19.84365,  -5.86848
 -19.78496,  -6.06692
 -19.72429,  -6.26477
 -19.66165,  -6.46201
 -19.59703,  -6.65863
 -19.53044,  -6.85460
 -19.46189,  -7.04990
 -19.39140,  -7.24452
 -19.31895,  -7.43844
 -19.24457,  -7.63163
 -19.16825,  -7.82407
 -19.09001,  -8.01575
 -19.00985,  -8.20665
 -18.92778,  -8.39675
 -18.84381,  -8.58603
 -18.75795,  -8.77447
 -18.67021,  -8.96205
 -18.58059,  -9.14875
 -18.48910,  -9.33456
 -18.39576,  -9.51945
 -18.30056,  -9.70340
 -18.20353,  -9.88641
 -18.10466, -10.06845
 -18.00398, -10.24949
 -17.90148, -10.42953
 -17.79719, -10.60855
 -17.69110, -10.78652
 -17.58324, -10.96343
 -17.47360, -11.13926
 -17.36221, -11.31400
 -17.24907, -11.48762
 -17.13420, -11.66011
 -17.01759, -11.83145
 -16.89928, -12.00163
 -16.77926, -12.17062
 -16.65756, -12.33841
 -16.53417, -12.50499
 -16.40912, -12.67033
 -16.28242, -12.83442
 -16.15408, -12.99725
 -16.02410, -13.15879
 -15.89252, -13.31903
 -15.75933, -13.47795
 -15.62455, -13.63555
 -15.48819, -13.79179
 -15.35027, -13.94667
 -15.21081, -14.10018
 -15.06980, -14.25229
 -14.92728, -14.40298
 -14.78325, -14.55226
 -14.63773, -14.70009
 -14.49073, -14.84647
 -14.34226, -14.99137
 -14.19235, -15.13480
 -14.04100, -15.27672
 -13.88824, -15.41713
 -13.73406, -15.55601
 -13.57850, -15.69335
 -13.42157, -15.82914
 -13.26328, -15.96335
 -13.10364, -16.09599
 -12.94268, -16.22702
 -12.78041, -16.35645
 -12.61685, -16.48425
 -12.45201, -16.61042
 -12.28590, -16.73494
 -12.11855, -16.85780
 -11.94997, -16.97899
 -11.78018, -17.09849
 -11.60920, -17.21629
 -11.43704, -17.33238
 -11.26371, -17.44675
 -11.08924, -17.55939
 -10.91365, -17.67028
 -10.73695, -17.77942
 -10.55915, -17.88679
 -10.38029, -17.99238
 -10.20036, -18.09618
 -10.01940, -18.19819
  -9.83742, -18.29838
  -9.65443, -18.39676
  -9.47047, -18.49330
  -9.28553, -18.58801
  -9.09965, -18.68086
  -8.91285, -18.77186
  -8.72513, -18.86098
  -8.53652, -18.94824
  -8.34703, -19.03360
  -8.15670, -19.11707
  -7.96553, -19.19864
  -7.77354, -19.27830
  -7.58076, -19.35603
  -7.38720, -19.43184
  -7.19288, -19.50571
  -6.99782, -19.57764
  -6.80205, -19.64762
  -6.60557, -19.71564
  -6.40841, -19.78169
  -6.21060, -19.84578
  -6.01214, -19.90788
  -5.81306, -19.96800
  -5.61338, -20.02613
  -5.41312, -20.08227
  -5.21230, -20.13640
  -5.01093, -20.18852
  -4.80905, -20.23863
  -4.60666, -20.28672
  -4.40379, -20.33279
  -4.20047, -20.37683
  -3.99670, -20.41883
  -3.79251, -20.45880
  -3.58792, -20.49672
  -3.38295, -20.53260
  -3.17763, -20.56643
  -2.97196, -20.59821
  -2.76598, -20.62793
  -2.55970, -20.65559
  -2.35315, -20.68118
  -2.14633, -20.70472
  -1.93929, -20.72618
  -1.73203, -20.74557
  -1.52457, -20.76289
  -1.31694, -20.77814
  -1.10916, -20.79131
  -0.90125, -20.80240
  -0.69322, -20.81141
  -0.48511, -20.81834
  -0.27693, -20.82319
  -0.06869, -20.82596
   0.13957, -20.82665
   0.34783, -20.82525
   0.55609, -20.82177
   0.76430, -20.81621
   0.97246, -20.80857
   1.18055, -20.79885
   1.38854, -20.78704
   1.59641, -20.77316
   1.80414, -20.75719
   2.01171, -20.73915
   2.21910, -20.71903
   2.42629, -20.69684
   2.63326, -20.67258
   2.83999, -20.64625
   3.04645, -20.61785
   3.25263, -20.58738
   3.45850, -20.55486
   3.66405, -20.52027
   3.86925, -20.48363
   4.07409, -20.44494
   4.27854, -20.40420
   4.48258, -20.36141
   4.68620, -20.31658
   4.88936, -20.26972
   5.09206, -20.22083
   5.29427, -20.16991
   5.49597, -20.11697
   5.69714, -20.06201
   5.89776, -20.00504
   6.09781, -19.94606
   6.29727, -19.88508
   6.49612, -19.82211
   6.69434, -19.75715
   6.89191, -19.69020
   7.08881, -19.62128
   7.28503, -19.55040
   7.48053, -19.47754
   7.67530, -19.40274
   7.86933, -19.32598
   8.06259, -19.24729
   8.25506, -19.16667
   8.44673, -19.08412
   8.63757, -18.99965
   8.82757, -18.91327
   9.01670, -18.82500
   9.20495, -18.73483
   9.39230, -18.64278
   9.57873, -18.54886
   9.76422, -18.45307
   9.94875, -18.35543
  10.13230, -18.25594
  10.31486, -18.15462
  10.49641, -18.05147
  10.67692, -17.94651
  10.85639, -17.83974
  11.03478, -17.73117
  11.21209, -17.62082
  11.38830, -17.50870
  11.56339, -17.39482
  11.73734, -17.27919
  11.91013, -17.16181
  12.08175, -17.04271
  12.25218, -16.92190
  12.42139, -16.79937
  12.58939, -16.67516
  12.75614, -16.54926
  12.92163, -16.42170
  13.08585, -16.29249
  13.24877, -16.16163
  13.41039, -16.02914
  13.57068, -15.89503
  13.72963, -15.75933
  13.88723, -15.62203
  14.04345, -15.48316
  14.19828, -15.34272
  14.35171, -15.20074
  14.50371, -15.05722
  14.65429, -14.91219
  14.80341, -14.76565
  14.95106, -14.61761
  15.09724, -14.46810
  15.24192, -14.31713
  15.38509, -14.16471
  15.52674, -14.01086
  15.66685, -13.85559
  15.80540, -13.69892
  15.94239, -13.54087
  16.07780, -13.38144
  16.21162, -13.22067
  16.34382, -13.05855
  16.47441, -12.89511
  16.60336, -12.73037
  16.73066, -12.56433
  16.85631, -12.39703
  16.98028, -12.22846
  17.10256, -12.05866
  17.22315, -11.88764
  17.34202, -11.71540
  17.45918, -11.54198
  17.57459, -11.36739
  17.68827, -11.19165
  17.80018, -11.01476
  17.91033, -10.83676
  18.01870, -10.65766
  18.12528, -10.47747
  18.23005, -10.29622
  18.33301, -10.11392
  18.43415,  -9.93059
  18.53346,  -9.74625
  18.63092,  -9.56091
  18.72653,  -9.37460
  18.82028,  -9.18734
  18.91215,  -8.99914
  19.00214,  -8.81001
  19.09024,  -8.61999
